0.000000000000000000e+00 0.000000000000000000e+00 1.248749237125774061e-17 1.248749237125773290e-17 1.042687918506728817e+00
1.000000000000000000e+00 2.631578947368420907e-02 1.248749237125774061e-17 1.248749237125773290e-17 1.042687918506728817e+00
2.000000000000000000e+00 5.263157894736841813e-02 -7.448189989809009953e-04 7.048589051208253419e-04 1.042630576795708475e+00
3.000000000000000000e+00 7.894736842105262720e-02 -3.054672202003405352e-03 2.735234166106029555e-03 1.042242369133530744e+00
4.000000000000000000e+00 1.052631578947368363e-01 -7.035524482026745373e-03 5.958785276978551503e-03 1.041228788647132752e+00
5.000000000000000000e+00 1.315789473684210453e-01 -1.278340571468104293e-02 1.023565651756903200e-02 1.039334568907863687e+00
6.000000000000000000e+00 1.578947368421052544e-01 -2.038391214053188183e-02 1.541917533911747566e-02 1.036342385046736814e+00
7.000000000000000000e+00 1.842105263157894635e-01 -2.991175480295119732e-02 2.135658243989357191e-02 1.032070984587479368e+00
8.000000000000000000e+00 2.105263157894736725e-01 -4.143035701488467781e-02 2.788979044919029718e-02 1.026373061564113121e+00
9.000000000000000000e+00 2.368421052631578816e-01 -5.499150261040273990e-02 3.485616802041908990e-02 1.019133136721092070e+00
1.000000000000000000e+01 2.631578947368420907e-01 -7.063503653256919534e-02 4.208934602884296938e-02 1.010265677592711686e+00
1.100000000000000000e+01 2.894736842105263275e-01 -8.838861909862509580e-02 4.942004247713226855e-02 9.997136920885156819e-01
1.200000000000000000e+01 3.157894736842105088e-01 -1.082675350675688375e-01 5.667690263277143370e-02 9.874480608634628176e-01
1.300000000000000000e+01 3.421052631578946901e-01 -1.302745584147274593e-01 6.368735085569396381e-02 9.734679335495282082e-01
1.400000000000000000e+01 3.684210526315789269e-01 -1.543998734936959383e-01 7.027845052263423375e-02 9.578025860507182188e-01
1.500000000000000000e+01 3.947368421052631637e-01 -1.806210530389159852e-01 7.627776841676647823e-02 9.405151843496885045e-01
1.600000000000000000e+01 4.210526315789473450e-01 -2.089030932330375734e-01 8.151423992740917945e-02 9.217088599455964815e-01
1.700000000000000000e+01 4.473684210526315264e-01 -2.391985058329163250e-01 8.581903139500829392e-02 9.015352804655990537e-01
1.800000000000000000e+01 4.736842105263157632e-01 -2.714474671175258202e-01 8.902639594133274215e-02 8.802054001062759037e-01
1.900000000000000000e+01 5.000000000000000000e-01 -3.055780231910766309e-01 9.097451914380536020e-02 8.580012639383909345e-01
