0.000000000000000000e+00 0.000000000000000000e+00 -1.692391560047484431e-32 -2.238841037324784172e-32 9.999999999999997780e-01
1.000000000000000000e+00 2.631578947368420907e-02 -1.692391560047484431e-32 -2.238841037324784172e-32 9.999999999999997780e-01
2.000000000000000000e+00 5.263157894736841813e-02 -7.448189989809134636e-04 7.048589051208129820e-04 1.000007712702805529e+00
3.000000000000000000e+00 7.894736842105262720e-02 -3.054672202003417929e-03 2.735234166106016978e-03 9.999827681194407569e-01
4.000000000000000000e+00 1.052631578947368363e-01 -7.035524482026758383e-03 5.958785276978539359e-03 9.998509508937611923e-01
5.000000000000000000e+00 1.315789473684210453e-01 -1.278340571468105681e-02 1.023565651756901985e-02 9.994682999067551199e-01
6.000000000000000000e+00 1.578947368421052544e-01 -2.038391214053189224e-02 1.541917533911746699e-02 9.988836742163799132e-01
7.000000000000000000e+00 1.842105263157894635e-01 -2.991175480295120773e-02 2.135658243989355803e-02 9.980062989028772868e-01
8.000000000000000000e+00 2.105263157894736725e-01 -4.143035701488468475e-02 2.788979044919029024e-02 9.967895425670973975e-01
9.000000000000000000e+00 2.368421052631578816e-01 -5.499150261040275378e-02 3.485616802041908296e-02 9.951885996548883728e-01
1.000000000000000000e+01 2.631578947368420907e-01 -7.063503653256919534e-02 4.208934602884296244e-02 9.931585148080712688e-01
1.100000000000000000e+01 2.894736842105263275e-01 -8.838861909862509580e-02 4.942004247713226162e-02 9.906525914635143648e-01
1.200000000000000000e+01 3.157894736842105088e-01 -1.082675350675688514e-01 5.667690263277142676e-02 9.876213628152598067e-01
1.300000000000000000e+01 3.421052631578946901e-01 -1.302745584147274316e-01 6.368735085569396381e-02 9.840123499220471137e-01
1.400000000000000000e+01 3.684210526315789269e-01 -1.543998734936959383e-01 7.027845052263423375e-02 9.797708842929421236e-01
1.500000000000000000e+01 3.947368421052631637e-01 -1.806210530389160129e-01 7.627776841676647823e-02 9.748423182451894098e-01
1.600000000000000000e+01 4.210526315789473450e-01 -2.089030932330376289e-01 8.151423992740919333e-02 9.691759792578840127e-01
1.700000000000000000e+01 4.473684210526315264e-01 -2.391985058329163527e-01 8.581903139500829392e-02 9.627312421401370557e-01
1.800000000000000000e+01 4.736842105263157632e-01 -2.714474671175258758e-01 8.902639594133276990e-02 9.554860819630357494e-01
1.900000000000000000e+01 5.000000000000000000e-01 -3.055780231910766864e-01 9.097451914380538796e-02 9.474483825614375965e-01
