0.000000000000000000e+00 0.000000000000000000e+00 0.000000000000000000e+00 0.000000000000000000e+00 1.000000000000000000e+00
1.000000000000000000e+00 2.631578947368420907e-02 0.000000000000000000e+00 0.000000000000000000e+00 1.000000000000000000e+00
2.000000000000000000e+00 5.263157894736841813e-02 -7.448189989809134636e-04 7.048589051208128736e-04 9.999614747441585294e-01
3.000000000000000000e+00 7.894736842105262720e-02 -3.054672202003417929e-03 2.735234166106016978e-03 9.997005700934846750e-01
4.000000000000000000e+00 1.052631578947368363e-01 -7.035524482026758383e-03 5.958785276978538492e-03 9.990187716861228528e-01
5.000000000000000000e+00 1.315789473684210453e-01 -1.278340571468105508e-02 1.023565651756901985e-02 9.977424141276678426e-01
6.000000000000000000e+00 1.578947368421052544e-01 -2.038391214053189224e-02 1.541917533911746352e-02 9.957205709049996578e-01
7.000000000000000000e+00 1.842105263157894635e-01 -2.991175480295120773e-02 2.135658243989356150e-02 9.928224982440246871e-01
8.000000000000000000e+00 2.105263157894736725e-01 -4.143035701488468475e-02 2.788979044919028330e-02 9.889350073428632149e-01
9.000000000000000000e+00 2.368421052631578816e-01 -5.499150261040275378e-02 3.485616802041907603e-02 9.839600540618314017e-01
1.000000000000000000e+01 2.631578947368420907e-01 -7.063503653256920922e-02 4.208934602884295550e-02 9.778127848919591081e-01
1.100000000000000000e+01 2.894736842105263275e-01 -8.838861909862510968e-02 4.942004247713225468e-02 9.704202681097499061e-01
1.200000000000000000e+01 3.157894736842105088e-01 -1.082675350675688514e-01 5.667690263277141982e-02 9.617211696785323838e-01
1.300000000000000000e+01 3.421052631578946901e-01 -1.302745584147274593e-01 6.368735085569394994e-02 9.516666991798007347e-01
1.400000000000000000e+01 3.684210526315789269e-01 -1.543998734936959660e-01 7.027845052263421988e-02 9.402232369695562308e-01
1.500000000000000000e+01 3.947368421052631637e-01 -1.806210530389159852e-01 7.627776841676646435e-02 9.273771290457505367e-01
1.600000000000000000e+01 4.210526315789473450e-01 -2.089030932330376011e-01 8.151423992740916558e-02 9.131421465832481044e-01
1.700000000000000000e+01 4.473684210526315264e-01 -2.391985058329163250e-01 8.581903139500828004e-02 8.975699724002363933e-01
1.800000000000000000e+01 4.736842105263157632e-01 -2.714474671175258202e-01 8.902639594133272827e-02 8.807637031174248010e-01
1.900000000000000000e+01 5.000000000000000000e-01 -3.055780231910766309e-01 9.097451914380534632e-02 8.628936784236116431e-01
