0.000000000000000000e+00 0.000000000000000000e+00 0.000000000000000000e+00 0.000000000000000000e+00 1.000000000000000000e+00
1.000000000000000000e+00 2.631578947368420907e-02 0.000000000000000000e+00 0.000000000000000000e+00 1.000000000000000000e+00
2.000000000000000000e+00 5.263157894736841813e-02 -7.448189989809135721e-04 7.048589051208129820e-04 9.998197224991078880e-01
3.000000000000000000e+00 7.894736842105262720e-02 -3.054672202003418362e-03 2.735234166106017412e-03 9.991671408478427496e-01
4.000000000000000000e+00 1.052631578947368363e-01 -7.035524482026758383e-03 5.958785276978539359e-03 9.978921077064889511e-01
5.000000000000000000e+00 1.315789473684210453e-01 -1.278340571468105681e-02 1.023565651756901985e-02 9.958677119151332358e-01
6.000000000000000000e+00 1.578947368421052544e-01 -2.038391214053189224e-02 1.541917533911746525e-02 9.929900555164157261e-01
7.000000000000000000e+00 1.842105263157894635e-01 -2.991175480295121120e-02 2.135658243989356150e-02 9.891782068280904339e-01
8.000000000000000000e+00 2.105263157894736725e-01 -4.143035701488468475e-02 2.788979044919028677e-02 9.843746848895158497e-01
9.000000000000000000e+00 2.368421052631578816e-01 -5.499150261040275378e-02 3.485616802041908296e-02 9.785467472222639795e-01
1.000000000000000000e+01 2.631578947368420907e-01 -7.063503653256920922e-02 4.208934602884295550e-02 9.716886378318716488e-01
1.100000000000000000e+01 2.894736842105263275e-01 -8.838861909862512356e-02 4.942004247713226162e-02 9.638248004973054561e-01
1.200000000000000000e+01 3.157894736842105088e-01 -1.082675350675688652e-01 5.667690263277142676e-02 9.550138631697672187e-01
1.300000000000000000e+01 3.421052631578946901e-01 -1.302745584147274593e-01 6.368735085569396381e-02 9.453529423422940559e-01
1.400000000000000000e+01 3.684210526315789269e-01 -1.543998734936959938e-01 7.027845052263421988e-02 9.349815012621319754e-01
1.500000000000000000e+01 3.947368421052631637e-01 -1.806210530389160129e-01 7.627776841676647823e-02 9.240836495336411938e-01
1.600000000000000000e+01 4.210526315789473450e-01 -2.089030932330376289e-01 8.151423992740916558e-02 9.128874718805513044e-01
1.700000000000000000e+01 4.473684210526315264e-01 -2.391985058329163527e-01 8.581903139500829392e-02 9.016598734022205353e-01
1.800000000000000000e+01 4.736842105263157632e-01 -2.714474671175258758e-01 8.902639594133274215e-02 8.906957521079095219e-01
1.900000000000000000e+01 5.000000000000000000e-01 -3.055780231910766864e-01 9.097451914380534632e-02 8.803012740902825817e-01
