0.000000000000000000e+00 0.000000000000000000e+00 1.168945481426193075e-18 1.168945481426189030e-18 1.007748746261683426e+00
1.000000000000000000e+00 2.631578947368420907e-02 1.168945481466946523e-18 1.168945481466938241e-18 1.007748746262454143e+00
2.000000000000000000e+00 5.263157894736841813e-02 -7.448189989809122710e-04 7.048589051208140662e-04 1.007723075798099055e+00
3.000000000000000000e+00 7.894736842105262720e-02 -3.054672202003416628e-03 2.735234166106018279e-03 1.007549102974127253e+00
4.000000000000000000e+00 1.052631578947368363e-01 -7.035524482026756649e-03 5.958785276978540227e-03 1.007094153534760839e+00
5.000000000000000000e+00 1.315789473684210453e-01 -1.278340571468105334e-02 1.023565651756901985e-02 1.006241998661411730e+00
6.000000000000000000e+00 1.578947368421052544e-01 -2.038391214053189224e-02 1.541917533911746352e-02 1.004891684887654124e+00
7.000000000000000000e+00 1.842105263157894635e-01 -2.991175480295120773e-02 2.135658243989356150e-02 1.002956022824485149e+00
8.000000000000000000e+00 2.105263157894736725e-01 -4.143035701488468475e-02 2.788979044919028677e-02 1.000359904159713764e+00
9.000000000000000000e+00 2.368421052631578816e-01 -5.499150261040274684e-02 3.485616802041907603e-02 9.970385748387985414e-01
1.000000000000000000e+01 2.631578947368420907e-01 -7.063503653256920922e-02 4.208934602884295550e-02 9.929359890666418220e-01
1.100000000000000000e+01 2.894736842105263275e-01 -8.838861909862510968e-02 4.942004247713225468e-02 9.880034118609958282e-01
1.200000000000000000e+01 3.157894736842105088e-01 -1.082675350675688514e-01 5.667690263277141982e-02 9.821985324038405851e-01
1.300000000000000000e+01 3.421052631578946901e-01 -1.302745584147274593e-01 6.368735085569394994e-02 9.754854943723146876e-01
1.400000000000000000e+01 3.684210526315789269e-01 -1.543998734936959660e-01 7.027845052263421988e-02 9.678364222743325307e-01
1.500000000000000000e+01 3.947368421052631637e-01 -1.806210530389159852e-01 7.627776841676646435e-02 9.592351654065492950e-01
1.600000000000000000e+01 4.210526315789473450e-01 -2.089030932330376011e-01 8.151423992740916558e-02 9.496839764386191263e-01
1.700000000000000000e+01 4.473684210526315264e-01 -2.391985058329163250e-01 8.581903139500828004e-02 9.392135124066646190e-01
1.800000000000000000e+01 4.736842105263157632e-01 -2.714474671175258202e-01 8.902639594133272827e-02 9.278957370407648897e-01
1.900000000000000000e+01 5.000000000000000000e-01 -3.055780231910766309e-01 9.097451914380534632e-02 9.158580424651228125e-01
