0.000000000000000000e+00 0.000000000000000000e+00 6.896226640211766679e-02
1.000000000000000000e+00 2.000000000000000111e-01 1.533226503877305191e-02
2.000000000000000000e+00 4.000000000000000222e-01 3.175921514391610856e-03
3.000000000000000000e+00 6.000000000000000888e-01 6.455057738095071329e-04
4.000000000000000000e+00 8.000000000000000444e-01 1.305652547758384685e-04
5.000000000000000000e+00 1.000000000000000000e+00 2.637761991008957807e-05
6.000000000000000000e+00 1.199999999999999956e+00 5.327428580059745400e-06
7.000000000000000000e+00 1.399999999999999911e+00 1.075893961033358437e-06
8.000000000000000000e+00 1.599999999999999867e+00 2.172773014841311578e-07
9.000000000000000000e+00 1.799999999999999822e+00 4.387923269177917973e-08
1.000000000000000000e+01 1.999999999999999778e+00 8.861579026131494174e-09
1.100000000000000000e+01 2.199999999999999734e+00 1.789798531603992160e-09
1.200000000000000000e+01 2.399999999999999911e+00 3.616680288587303949e-10
1.300000000000000000e+01 2.600000000000000089e+00 7.326761419790273067e-11
1.400000000000000000e+01 2.800000000000000266e+00 1.503597246710342006e-11
1.500000000000000000e+01 3.000000000000000444e+00 3.286260152890463360e-12
1.600000000000000000e+01 3.200000000000000622e+00 9.272582701669307426e-13
1.700000000000000000e+01 3.400000000000000799e+00 4.680700271819659974e-13
1.800000000000000000e+01 3.600000000000000977e+00 3.890221478286548518e-13
1.900000000000000000e+01 3.800000000000001155e+00 3.836930773104541004e-13
2.000000000000000000e+01 4.000000000000000888e+00 3.925748615074553527e-13
2.100000000000000000e+01 4.200000000000001066e+00 4.076738946423574816e-13
2.200000000000000000e+01 4.400000000000001243e+00 4.147793219999584835e-13
2.300000000000000000e+01 4.600000000000001421e+00 4.307665335545607377e-13
2.400000000000000000e+01 4.800000000000001599e+00 4.458655666894628666e-13
2.500000000000000000e+01 5.000000000000001776e+00 4.600764214046648704e-13
2.600000000000000000e+01 5.200000000000001954e+00 4.707345624410663731e-13
2.700000000000000000e+01 5.400000000000002132e+00 4.849454171562683769e-13
2.800000000000000000e+01 5.600000000000002309e+00 4.991562718714703806e-13
2.900000000000000000e+01 5.800000000000002487e+00 5.169198402654728852e-13
3.000000000000000000e+01 6.000000000000002665e+00 5.275779813018743880e-13
3.100000000000000000e+01 6.200000000000002842e+00 5.382361223382758908e-13
3.200000000000000000e+01 6.400000000000003020e+00 5.542233338928781450e-13
3.300000000000000000e+01 6.600000000000003197e+00 5.684341886080801487e-13
3.400000000000000000e+01 6.800000000000003375e+00 5.879741138414829038e-13
3.500000000000000000e+01 7.000000000000003553e+00 5.968558980384841561e-13
3.600000000000000000e+01 7.200000000000003730e+00 6.128431095930864103e-13
3.700000000000000000e+01 7.400000000000003908e+00 6.181721801112871617e-13
3.800000000000000000e+01 7.600000000000004086e+00 6.288303211476886645e-13
3.900000000000000000e+01 7.800000000000004263e+00 6.501466032204916701e-13
4.000000000000000000e+01 8.000000000000003553e+00 6.661338147750939243e-13
4.100000000000000000e+01 8.200000000000002842e+00 6.750155989720951766e-13
4.200000000000000000e+01 8.400000000000002132e+00 6.838973831690964289e-13
4.300000000000000000e+01 8.600000000000001421e+00 6.910028105266974308e-13
4.400000000000000000e+01 8.800000000000000711e+00 7.140954494389006868e-13
4.500000000000000000e+01 9.000000000000000000e+00 7.318590178329031914e-13
4.600000000000000000e+01 9.199999999999999289e+00 7.460698725481051952e-13
4.700000000000000000e+01 9.399999999999998579e+00 7.585043704239069484e-13
4.800000000000000000e+01 9.599999999999997868e+00 7.709388682997087017e-13
4.900000000000000000e+01 9.799999999999997158e+00 7.815970093361102045e-13
