0.000000000000000000e+00 0.000000000000000000e+00 7.217719166294633837e-02
1.000000000000000000e+00 2.500000000000000000e-01 1.335056477594287472e-02
2.000000000000000000e+00 5.000000000000000000e-01 2.302468177645788927e-03
3.000000000000000000e+00 7.500000000000000000e-01 3.899367433466416344e-04
4.000000000000000000e+00 1.000000000000000000e+00 6.574182898777536366e-05
5.000000000000000000e+00 1.250000000000000000e+00 1.107190012161751724e-05
6.000000000000000000e+00 1.500000000000000000e+00 1.864201366608142507e-06
7.000000000000000000e+00 1.750000000000000000e+00 3.138615189968163577e-07
8.000000000000000000e+00 2.000000000000000000e+00 5.284186688214731475e-08
9.000000000000000000e+00 2.250000000000000000e+00 8.896549275050347205e-09
1.000000000000000000e+01 2.500000000000000000e+00 1.497940438355271908e-09
1.100000000000000000e+01 2.750000000000000000e+00 2.523217190741888771e-10
1.200000000000000000e+01 3.000000000000000000e+00 4.261568875563170877e-11
1.300000000000000000e+01 3.250000000000000000e+00 7.320366535168432165e-12
1.400000000000000000e+01 3.500000000000000000e+00 1.383781977892795112e-12
1.500000000000000000e+01 3.750000000000000000e+00 4.032330025438568555e-13
1.600000000000000000e+01 4.000000000000000000e+00 2.486899575160350651e-13
1.700000000000000000e+01 4.250000000000000000e+00 2.291500322826323099e-13
1.800000000000000000e+01 4.500000000000000000e+00 2.353672812205331866e-13
1.900000000000000000e+01 4.750000000000000000e+00 2.495781359357351903e-13
