0.000000000000000000e+00 0.000000000000000000e+00 6.902554939588245730e-02
1.000000000000000000e+00 2.000000000000000111e-01 1.535460262789989372e-02
2.000000000000000000e+00 4.000000000000000222e-01 3.182525398846003384e-03
3.000000000000000000e+00 6.000000000000000888e-01 6.472441317835198049e-04
4.000000000000000000e+00 8.000000000000000444e-01 1.309953682033793143e-04
5.000000000000000000e+00 1.000000000000000000e+00 2.648022564066820905e-05
6.000000000000000000e+00 1.199999999999999956e+00 5.351315387702726412e-06
7.000000000000000000e+00 1.399999999999999911e+00 1.081356537202537993e-06
8.000000000000000000e+00 1.599999999999999867e+00 2.185094154505407005e-07
9.000000000000000000e+00 1.799999999999999822e+00 4.415406440472224858e-08
1.000000000000000000e+01 1.999999999999999778e+00 8.922289573831676535e-09
1.100000000000000000e+01 2.199999999999999734e+00 1.803062588123793830e-09
1.200000000000000000e+01 2.399999999999999911e+00 3.644995416607343941e-10
1.300000000000000000e+01 2.600000000000000089e+00 7.381917299653650844e-11
1.400000000000000000e+01 2.800000000000000266e+00 1.508748681544602732e-11
1.500000000000000000e+01 3.000000000000000444e+00 3.240963053485756973e-12
1.600000000000000000e+01 3.200000000000000622e+00 8.926193117986258585e-13
1.700000000000000000e+01 3.400000000000000799e+00 4.503064587879634928e-13
1.800000000000000000e+01 3.600000000000000977e+00 3.748112931134528480e-13
1.900000000000000000e+01 3.800000000000001155e+00 3.694822225952520967e-13
2.000000000000000000e+01 4.000000000000000888e+00 3.828048988907539751e-13
2.100000000000000000e+01 4.200000000000001066e+00 3.952393967665557284e-13
2.200000000000000000e+01 4.400000000000001243e+00 4.103384299014578573e-13
2.300000000000000000e+01 4.600000000000001421e+00 4.298783551348606125e-13
2.400000000000000000e+01 4.800000000000001599e+00 4.378719609121617395e-13
2.500000000000000000e+01 5.000000000000001776e+00 4.529709940470638685e-13
2.600000000000000000e+01 5.200000000000001954e+00 4.654054919228656217e-13
2.700000000000000000e+01 5.400000000000002132e+00 4.813927034774678759e-13
2.800000000000000000e+01 5.600000000000002309e+00 4.956035581926698796e-13
2.900000000000000000e+01 5.800000000000002487e+00 5.115907697472721338e-13
3.000000000000000000e+01 6.000000000000002665e+00 5.204725539442733862e-13
3.100000000000000000e+01 6.200000000000002842e+00 5.382361223382758908e-13
3.200000000000000000e+01 6.400000000000003020e+00 5.524469770534778945e-13
3.300000000000000000e+01 6.600000000000003197e+00 5.666578317686798982e-13
3.400000000000000000e+01 6.800000000000003375e+00 5.790923296444816515e-13
3.500000000000000000e+01 7.000000000000003553e+00 5.897504706808831543e-13
3.600000000000000000e+01 7.200000000000003730e+00 6.057376822354854085e-13
3.700000000000000000e+01 7.400000000000003908e+00 6.181721801112871617e-13
3.800000000000000000e+01 7.600000000000004086e+00 6.412648190234904177e-13
3.900000000000000000e+01 7.800000000000004263e+00 6.519229600598919205e-13
4.000000000000000000e+01 8.000000000000003553e+00 6.643574579356936738e-13
4.100000000000000000e+01 8.200000000000002842e+00 6.750155989720951766e-13
4.200000000000000000e+01 8.400000000000002132e+00 6.963318810448981822e-13
4.300000000000000000e+01 8.600000000000001421e+00 7.105427357601001859e-13
4.400000000000000000e+01 8.800000000000000711e+00 7.212008767965016887e-13
4.500000000000000000e+01 9.000000000000000000e+00 7.371880883511039428e-13
4.600000000000000000e+01 9.199999999999999289e+00 7.496225862269056961e-13
4.700000000000000000e+01 9.399999999999998579e+00 7.638334409421076998e-13
4.800000000000000000e+01 9.599999999999997868e+00 7.815970093361102045e-13
4.900000000000000000e+01 9.799999999999997158e+00 7.940315072119119577e-13
