0.000000000000000000e+00 0.000000000000000000e+00 6.899886855496850657e-02
1.000000000000000000e+00 2.000000000000000111e-01 1.528256296046848206e-02
2.000000000000000000e+00 4.000000000000000222e-01 3.151890701955206708e-03
3.000000000000000000e+00 6.000000000000000888e-01 6.378861322806628209e-04
4.000000000000000000e+00 8.000000000000000444e-01 1.284846676581352654e-04
5.000000000000000000e+00 1.000000000000000000e+00 2.584982876019381592e-05
6.000000000000000000e+00 1.199999999999999956e+00 5.199292895774476619e-06
7.000000000000000000e+00 1.399999999999999911e+00 1.045689072665112462e-06
8.000000000000000000e+00 1.599999999999999867e+00 2.103071992110017163e-07
9.000000000000000000e+00 1.799999999999999822e+00 4.229644634534679426e-08
1.000000000000000000e+01 1.999999999999999778e+00 8.506519044715332711e-09
1.100000000000000000e+01 2.199999999999999734e+00 1.710772856711173517e-09
1.200000000000000000e+01 2.399999999999999911e+00 3.440288054434859077e-10
1.300000000000000000e+01 2.600000000000000089e+00 6.915090722259265021e-11
1.400000000000000000e+01 2.800000000000000266e+00 1.386357695309925475e-11
1.500000000000000000e+01 3.000000000000000444e+00 2.748024030552187469e-12
1.600000000000000000e+01 3.200000000000000622e+00 5.080380560684716329e-13
1.700000000000000000e+01 3.400000000000000799e+00 5.773159728050814010e-14
1.800000000000000000e+01 3.600000000000000977e+00 4.263256414560601115e-14
1.900000000000000000e+01 3.800000000000001155e+00 6.039613253960851580e-14
2.000000000000000000e+01 4.000000000000000888e+00 6.572520305780926719e-14
2.100000000000000000e+01 4.200000000000001066e+00 6.661338147750939243e-14
2.200000000000000000e+01 4.400000000000001243e+00 7.194245199571014382e-14
2.300000000000000000e+01 4.600000000000001421e+00 7.549516567451064475e-14
2.400000000000000000e+01 4.800000000000001599e+00 7.904787935331114568e-14
2.500000000000000000e+01 5.000000000000001776e+00 7.993605777301127091e-14
2.600000000000000000e+01 5.200000000000001954e+00 7.993605777301127091e-14
2.700000000000000000e+01 5.400000000000002132e+00 8.171241461241152138e-14
2.800000000000000000e+01 5.600000000000002309e+00 8.348877145181177184e-14
2.900000000000000000e+01 5.800000000000002487e+00 8.881784197001252323e-14
3.000000000000000000e+01 6.000000000000002665e+00 9.059419880941277370e-14
3.100000000000000000e+01 6.200000000000002842e+00 9.414691248821327463e-14
3.200000000000000000e+01 6.400000000000003020e+00 9.592326932761352509e-14
3.300000000000000000e+01 6.600000000000003197e+00 9.769962616701377556e-14
3.400000000000000000e+01 6.800000000000003375e+00 1.012523398458142765e-13
3.500000000000000000e+01 7.000000000000003553e+00 1.030286966852145270e-13
3.600000000000000000e+01 7.200000000000003730e+00 1.030286966852145270e-13
3.700000000000000000e+01 7.400000000000003908e+00 1.048050535246147774e-13
3.800000000000000000e+01 7.600000000000004086e+00 1.101341240428155288e-13
3.900000000000000000e+01 7.800000000000004263e+00 1.119104808822157793e-13
4.000000000000000000e+01 8.000000000000003553e+00 1.065814103640150279e-13
4.100000000000000000e+01 8.200000000000002842e+00 1.172395514004165307e-13
4.200000000000000000e+01 8.400000000000002132e+00 1.190159082398167811e-13
4.300000000000000000e+01 8.600000000000001421e+00 1.154631945610162802e-13
4.400000000000000000e+01 8.800000000000000711e+00 1.207922650792170316e-13
4.500000000000000000e+01 9.000000000000000000e+00 1.243449787580175325e-13
4.600000000000000000e+01 9.199999999999999289e+00 1.296740492762182839e-13
4.700000000000000000e+01 9.399999999999998579e+00 1.261213355974177830e-13
4.800000000000000000e+01 9.599999999999997868e+00 1.278976924368180335e-13
4.900000000000000000e+01 9.799999999999997158e+00 1.332267629550187849e-13
