0.000000000000000000e+00 0.000000000000000000e+00 7.039426583581098740e-02
1.000000000000000000e+00 2.500000000000000000e-01 1.278512955606281309e-02
2.000000000000000000e+00 5.000000000000000000e-01 2.159973248328395101e-03
3.000000000000000000e+00 7.500000000000000000e-01 3.584881171185827498e-04
4.000000000000000000e+00 1.000000000000000000e+00 5.925414075269586078e-05
5.000000000000000000e+00 1.250000000000000000e+00 9.785096138248405850e-06
6.000000000000000000e+00 1.500000000000000000e+00 1.615564209078712565e-06
7.000000000000000000e+00 1.750000000000000000e+00 2.667253395927104975e-07
8.000000000000000000e+00 2.000000000000000000e+00 4.403520126317062022e-08
9.000000000000000000e+00 2.250000000000000000e+00 7.269984614310942561e-09
1.000000000000000000e+01 2.500000000000000000e+00 1.200213262109173229e-09
1.100000000000000000e+01 2.750000000000000000e+00 1.981197428335690347e-10
1.200000000000000000e+01 3.000000000000000000e+00 3.267786041760700755e-11
1.300000000000000000e+01 3.250000000000000000e+00 5.361933119729656028e-12
1.400000000000000000e+01 3.500000000000000000e+00 8.508749260727199726e-13
1.500000000000000000e+01 3.750000000000000000e+00 1.056932319443149026e-13
1.600000000000000000e+01 4.000000000000000000e+00 2.309263891220325604e-14
1.700000000000000000e+01 4.250000000000000000e+00 4.174438572590588592e-14
1.800000000000000000e+01 4.500000000000000000e+00 4.707345624410663731e-14
1.900000000000000000e+01 4.750000000000000000e+00 4.973799150320701301e-14
