0.000000000000000000e+00 0.000000000000000000e+00 2.992407887536954192e+00
1.600000000000000266e-05 1.000000000000000000e+00 2.992407887345798656e+00
3.200000000000000533e-05 2.000000000000000000e+00 2.977588139738345241e+00
5.760000000000001095e-05 3.000000000000000000e+00 2.965711536578494290e+00
9.856000000000003213e-05 4.000000000000000000e+00 2.956019966764036333e+00
1.640960000000000769e-04 5.000000000000000000e+00 2.956019703992192493e+00
2.689536000000001485e-04 6.000000000000000000e+00 2.956019283564424782e+00
4.367257600000002196e-04 7.000000000000000000e+00 2.956018610896843590e+00
7.051612160000003768e-04 8.000000000000000000e+00 2.956017534674894254e+00
1.134657945600000715e-03 9.000000000000000000e+00 2.956015812837309298e+00
1.821852712960001256e-03 1.000000000000000000e+01 2.956013058198074361e+00
2.921364340736001992e-03 1.100000000000000000e+01 2.956008651545317889e+00
4.680582945177603690e-03 1.200000000000000000e+01 2.956001602871215717e+00
7.495332712284166060e-03 1.300000000000000000e+01 2.955990330032775226e+00
1.199893233965466585e-02 1.400000000000000000e+01 2.955972306377913306e+00
1.920469174344746621e-02 1.500000000000000000e+01 2.955943501454199485e+00
3.073390678951595095e-02 1.600000000000000000e+01 2.955897497591309708e+00
4.918065086322552515e-02 1.700000000000000000e+01 2.955824105375054245e+00
7.869544138116084386e-02 1.800000000000000000e+01 2.955707220981605765e+00
1.259191062098573566e-01 1.900000000000000000e+01 2.955521577453522841e+00
2.014769699357717991e-01 2.000000000000000000e+01 2.955227980808787791e+00
3.223695518972348739e-01 2.100000000000000000e+01 2.954766697070164483e+00
5.157976830355758269e-01 2.200000000000000000e+01 2.954049068144230183e+00
8.252826928569213516e-01 2.300000000000000000e+01 2.952948368311076432e+00
1.320458708571074169e+00 2.400000000000000000e+01 2.951291971393003699e+00
2.112740333713718943e+00 2.500000000000000000e+01 2.948856019933447481e+00
3.380390933941950671e+00 2.600000000000000000e+01 2.945358451931599397e+00
5.408631894307120547e+00 2.700000000000000000e+01 2.940441330124032415e+00
8.653817430891393769e+00 2.800000000000000000e+01 2.933638099824602996e+00
1.384611428942623057e+01 2.900000000000000000e+01 2.924329056464655352e+00
2.215378926308196839e+01 3.000000000000000000e+01 2.911707232418916824e+00
3.544606922093115031e+01 3.100000000000000000e+01 2.894793751641553836e+00
5.671371715348984566e+01 3.200000000000000000e+01 2.872511084575489537e+00
9.074195384558376531e+01 3.300000000000000000e+01 2.843798652462774079e+00
1.451871325529340311e+02 3.400000000000000000e+01 2.807766774484303340e+00
2.322994184846944563e+02 3.500000000000000000e+01 2.764002176869944094e+00
3.716790759755111822e+02 3.600000000000000000e+01 2.713393256408196397e+00
5.946865279608178980e+02 3.700000000000000000e+01 2.660047899595808563e+00
9.514984511373086207e+02 3.800000000000000000e+01 2.613267410197846807e+00
1.522397528219693868e+03 3.900000000000000000e+01 2.582913784397038448e+00
2.435836051551510536e+03 4.000000000000000000e+01 2.569457560583944034e+00
3.897337688882416842e+03 4.100000000000000000e+01 2.565496405206022068e+00
6.235740308611866567e+03 4.200000000000000000e+01 2.564729567916146813e+00
9.977184500178987946e+03 4.300000000000000000e+01 2.564632967879134640e+00
1.596349520668638070e+04 4.400000000000000000e+01 2.564625141748838821e+00
2.554159233709820910e+04 4.500000000000000000e+01 2.564624737909629637e+00
4.086654774575713964e+04 4.600000000000000000e+01 2.564624724726645155e+00
6.538647639961141977e+04 4.700000000000000000e+01 2.564624724455603300e+00
1.046183622457782767e+05 4.800000000000000000e+01 2.564624724452097659e+00
1.673893795996452682e+05 4.900000000000000000e+01 2.564624724452078564e+00
2.678230073658324545e+05 5.000000000000000000e+01 2.564624724452078564e+00
4.285168117917319760e+05 5.100000000000000000e+01 2.564624724452078564e+00
6.856268988731711870e+05 5.200000000000000000e+01 2.564624724452078564e+00
1.097003038203473901e+06 5.300000000000000000e+01 2.564624724452078564e+00
1.755204861131958431e+06 5.400000000000000000e+01 2.564624724452078564e+00
2.808327777817533817e+06 5.500000000000000000e+01 2.564624724452073679e+00
4.493324444514454342e+06 5.600000000000000000e+01 2.564624724452073679e+00
7.189319111229527742e+06 5.700000000000000000e+01 2.564624724452073679e+00
1.150291057797364518e+07 5.800000000000000000e+01 2.564624724452073679e+00
1.840465692476423457e+07 5.900000000000000000e+01 2.564624724452073679e+00
2.944745107962917536e+07 6.000000000000000000e+01 2.564624724452073679e+00
4.711592172741308808e+07 6.100000000000000000e+01 2.564624724452073679e+00
7.538547476386734843e+07 6.200000000000000000e+01 2.564624724452073679e+00
1.206167596221941710e+08 6.300000000000000000e+01 2.564624724452073679e+00
1.929868153955170810e+08 6.400000000000000000e+01 2.564624724452073679e+00
3.087789046328337193e+08 6.500000000000000000e+01 2.564624724452073679e+00
4.940462474125404358e+08 6.600000000000000000e+01 2.564624724452073679e+00
7.904739958600711823e+08 6.700000000000000000e+01 2.564624724452073679e+00
1.264758393376120329e+09 6.800000000000000000e+01 2.564624724452079896e+00
2.023613429401798964e+09 6.900000000000000000e+01 2.564624724452079896e+00
3.237781487042884827e+09 7.000000000000000000e+01 2.564624724452079896e+00
5.180450379268622398e+09 7.100000000000000000e+01 2.564624724452079896e+00
8.288720606829802513e+09 7.200000000000000000e+01 2.564624724452079896e+00
1.326195297092769051e+10 7.300000000000000000e+01 2.564624724452079896e+00
2.121912475348431396e+10 7.400000000000000000e+01 2.564624724452079896e+00
3.395059960557490921e+10 7.500000000000000000e+01 2.564624724452079896e+00
5.432095936891986084e+10 7.600000000000000000e+01 2.564624724452079896e+00
8.691353499027178955e+10 7.700000000000000000e+01 2.564624724452079896e+00
1.390616559844348755e+11 7.800000000000000000e+01 2.564624724452079896e+00
2.224986495750958252e+11 7.900000000000000000e+01 2.564624724452079896e+00
3.559978393201533203e+11 8.000000000000000000e+01 2.564624724452079896e+00
5.695965429122453613e+11 8.100000000000000000e+01 2.564624724452079008e+00
9.113544686595926514e+11 8.200000000000000000e+01 2.564624724452079008e+00
