0.000000000000000000e+00 0.000000000000000000e+00
1.000000000000000000e+00 2.222222222222222307e-02
2.000000000000000000e+00 4.444444444444444614e-02
3.000000000000000000e+00 6.666666666666666574e-02
4.000000000000000000e+00 8.888888888888889228e-02
5.000000000000000000e+00 1.111111111111111188e-01
6.000000000000000000e+00 1.333333333333333315e-01
7.000000000000000000e+00 1.555555555555555580e-01
8.000000000000000000e+00 1.777777777777777846e-01
9.000000000000000000e+00 2.000000000000000111e-01
0.000000000000000000e+00 0.000000000000000000e+00
