0.000000000000000000e+00 0.000000000000000000e+00 1.995258762208478975e+00
1.600000000000000266e-05 1.000000000000000000e+00 1.995258761936065550e+00
3.200000000000000533e-05 2.000000000000000000e+00 2.002680837967493410e+00
5.760000000000001095e-05 3.000000000000000000e+00 2.011691936712092232e+00
9.856000000000003213e-05 4.000000000000000000e+00 2.022758378122006651e+00
1.640960000000000769e-04 5.000000000000000000e+00 2.022760113407905180e+00
2.689536000000001485e-04 6.000000000000000000e+00 2.022762889197416314e+00
4.367257600000002196e-04 7.000000000000000000e+00 2.022767328753258376e+00
7.051612160000003768e-04 8.000000000000000000e+00 2.022774427681990339e+00
1.134657945600000715e-03 9.000000000000000000e+00 2.022785774846558748e+00
1.821852712960001256e-03 1.000000000000000000e+01 2.022803902008163845e+00
2.921364340736001992e-03 1.100000000000000000e+01 2.022832833694293786e+00
4.680582945177603690e-03 1.200000000000000000e+01 2.022878943359651238e+00
7.495332712284166060e-03 1.300000000000000000e+01 2.022952265965207275e+00
1.199893233965466585e-02 1.400000000000000000e+01 2.023068463198872013e+00
1.920469174344746621e-02 1.500000000000000000e+01 2.023251662800555462e+00
3.073390678951595095e-02 1.600000000000000000e+01 2.023538348277721166e+00
4.918065086322552515e-02 1.700000000000000000e+01 2.023982273894845640e+00
7.869544138116084386e-02 1.800000000000000000e+01 2.024659926686767530e+00
1.259191062098573566e-01 1.900000000000000000e+01 2.025675389706067087e+00
2.014769699357717991e-01 2.000000000000000000e+01 2.027162981516980267e+00
3.223695518972348739e-01 2.100000000000000000e+01 2.029286156213762737e+00
5.157976830355758269e-01 2.200000000000000000e+01 2.032233180909586601e+00
8.252826928569213516e-01 2.300000000000000000e+01 2.036217229876784884e+00
1.320458708571074169e+00 2.400000000000000000e+01 2.041492775781026836e+00
2.112740333713718943e+00 2.500000000000000000e+01 2.048385819549710885e+00
3.380390933941950671e+00 2.600000000000000000e+01 2.057321352943736859e+00
5.408631894307120547e+00 2.700000000000000000e+01 2.068839554935782310e+00
8.653817430891393769e+00 2.800000000000000000e+01 2.083587281709462502e+00
1.384611428942623057e+01 2.900000000000000000e+01 2.102269520052421292e+00
2.215378926308196839e+01 3.000000000000000000e+01 2.125577085724418502e+00
3.544606922093115031e+01 3.100000000000000000e+01 2.154060356557984335e+00
5.671371715348984566e+01 3.200000000000000000e+01 2.187840272408584141e+00
9.074195384558376531e+01 3.300000000000000000e+01 2.226142210931941978e+00
1.451871325529340311e+02 3.400000000000000000e+01 2.266871370902515892e+00
2.322994184846944563e+02 3.500000000000000000e+01 2.306599197974341209e+00
3.716790759755111822e+02 3.600000000000000000e+01 2.341211810570074547e+00
5.946865279608178980e+02 3.700000000000000000e+01 2.367200869919384054e+00
9.514984511373086207e+02 3.800000000000000000e+01 2.383214775630194016e+00
1.522397528219693868e+03 3.900000000000000000e+01 2.390838317466932317e+00
2.435836051551510536e+03 4.000000000000000000e+01 2.393473897800403538e+00
3.897337688882416842e+03 4.100000000000000000e+01 2.394102231671032310e+00
6.235740308611866567e+03 4.200000000000000000e+01 2.394201851004670534e+00
9.977184500178987946e+03 4.300000000000000000e+01 2.394212115243838923e+00
1.596349520668638070e+04 4.400000000000000000e+01 2.394212792745339602e+00
2.554159233709820910e+04 4.500000000000000000e+01 2.394212821135265123e+00
4.086654774575713964e+04 4.600000000000000000e+01 2.394212821886178233e+00
6.538647639961141977e+04 4.700000000000000000e+01 2.394212821898669574e+00
1.046183622457782767e+05 4.800000000000000000e+01 2.394212821898802801e+00
1.673893795996452682e+05 4.900000000000000000e+01 2.394212821898802801e+00
2.678230073658324545e+05 5.000000000000000000e+01 2.394212821898802801e+00
4.285168117917319760e+05 5.100000000000000000e+01 2.394212821898804133e+00
6.856268988731711870e+05 5.200000000000000000e+01 2.394212821898804133e+00
1.097003038203473901e+06 5.300000000000000000e+01 2.394212821898804133e+00
1.755204861131958431e+06 5.400000000000000000e+01 2.394212821898804133e+00
2.808327777817533817e+06 5.500000000000000000e+01 2.394212821898804133e+00
4.493324444514454342e+06 5.600000000000000000e+01 2.394212821898804133e+00
7.189319111229527742e+06 5.700000000000000000e+01 2.394212821898804133e+00
1.150291057797364518e+07 5.800000000000000000e+01 2.394212821898804133e+00
1.840465692476423457e+07 5.900000000000000000e+01 2.394212821898804133e+00
2.944745107962917536e+07 6.000000000000000000e+01 2.394212821898804133e+00
4.711592172741308808e+07 6.100000000000000000e+01 2.394212821898804133e+00
7.538547476386734843e+07 6.200000000000000000e+01 2.394212821898804133e+00
1.206167596221941710e+08 6.300000000000000000e+01 2.394212821898804133e+00
1.929868153955170810e+08 6.400000000000000000e+01 2.394212821898803689e+00
3.087789046328337193e+08 6.500000000000000000e+01 2.394212821898803689e+00
4.940462474125404358e+08 6.600000000000000000e+01 2.394212821898803689e+00
7.904739958600711823e+08 6.700000000000000000e+01 2.394212821898803689e+00
1.264758393376120329e+09 6.800000000000000000e+01 2.394212821898803689e+00
2.023613429401798964e+09 6.900000000000000000e+01 2.394212821898803689e+00
3.237781487042884827e+09 7.000000000000000000e+01 2.394212821898803689e+00
5.180450379268622398e+09 7.100000000000000000e+01 2.394212821898803689e+00
8.288720606829802513e+09 7.200000000000000000e+01 2.394212821898803689e+00
