0.000000000000000000e+00 0.000000000000000000e+00 3.000000000000000000e+00
1.600000000000000266e-05 1.000000000000000000e+00 3.000000000000000000e+00
3.200000000000000533e-05 2.000000000000000000e+00 2.999389107103914043e+00
5.760000000000001095e-05 3.000000000000000000e+00 2.998459930719484134e+00
9.856000000000003213e-05 4.000000000000000000e+00 2.997342112264923752e+00
1.640960000000000769e-04 5.000000000000000000e+00 2.997341955095629729e+00
2.689536000000001485e-04 6.000000000000000000e+00 2.997341703628382703e+00
4.367257600000002196e-04 7.000000000000000000e+00 2.997341301289973003e+00
7.051612160000003768e-04 8.000000000000000000e+00 2.997340657572028277e+00
1.134657945600000715e-03 9.000000000000000000e+00 2.997339627683518248e+00
1.821852712960001256e-03 1.000000000000000000e+01 2.997337980015613912e+00
2.921364340736001992e-03 1.100000000000000000e+01 2.997335344135882984e+00
4.680582945177603690e-03 1.200000000000000000e+01 2.997331127731259315e+00
7.495332712284166060e-03 1.300000000000000000e+01 2.997324384048786872e+00
1.199893233965466585e-02 1.400000000000000000e+01 2.997313600712383064e+00
1.920469174344746621e-02 1.500000000000000000e+01 2.997296364112741696e+00
3.073390678951595095e-02 1.600000000000000000e+01 2.997268828226709481e+00
4.918065086322552515e-02 1.700000000000000000e+01 2.997224879333053149e+00
7.869544138116084386e-02 1.800000000000000000e+01 2.997154836020702984e+00
1.259191062098573566e-01 1.900000000000000000e+01 2.997043458900662483e+00
2.014769699357717991e-01 2.000000000000000000e+01 2.996866981727903223e+00
3.223695518972348739e-01 2.100000000000000000e+01 2.996588860885849748e+00
5.157976830355758269e-01 2.200000000000000000e+01 2.996154070215606424e+00
8.252826928569213516e-01 2.300000000000000000e+01 2.995482184581379492e+00
1.320458708571074169e+00 2.400000000000000000e+01 2.994460286809097926e+00
2.112740333713718943e+00 2.500000000000000000e+01 2.992937782272389047e+00
3.380390933941950671e+00 2.600000000000000000e+01 2.990726498842895875e+00
5.408631894307120547e+00 2.700000000000000000e+01 2.987612210063930185e+00
8.653817430891393769e+00 2.800000000000000000e+01 2.983387613675211547e+00
1.384611428942623057e+01 2.900000000000000000e+01 2.977904555225658445e+00
2.215378926308196839e+01 3.000000000000000000e+01 2.971089958922207508e+00
3.544606922093115031e+01 3.100000000000000000e+01 2.962844761855517817e+00
5.671371715348984566e+01 3.200000000000000000e+01 2.952866154622235673e+00
9.074195384558376531e+01 3.300000000000000000e+01 2.940542053162228164e+00
1.451871325529340311e+02 3.400000000000000000e+01 2.924974736136696674e+00
2.322994184846944563e+02 3.500000000000000000e+01 2.905088845208922965e+00
3.716790759755111822e+02 3.600000000000000000e+01 2.879763388760099740e+00
5.946865279608178980e+02 3.700000000000000000e+01 2.848024224790558723e+00
9.514984511373086207e+02 3.800000000000000000e+01 2.809676833546866703e+00
1.522397528219693868e+03 3.900000000000000000e+01 2.767014112260073766e+00
2.435836051551510536e+03 4.000000000000000000e+01 2.726785855586414176e+00
3.897337688882416842e+03 4.100000000000000000e+01 2.697712780059550397e+00
6.235740308611866567e+03 4.200000000000000000e+01 2.682806377557239497e+00
9.977184500178987946e+03 4.300000000000000000e+01 2.677595540981515754e+00
1.596349520668638070e+04 4.400000000000000000e+01 2.676378428992612690e+00
2.554159233709820910e+04 4.500000000000000000e+01 2.676191568617791283e+00
4.086654774575713964e+04 4.600000000000000000e+01 2.676172994317449483e+00
6.538647639961141977e+04 4.700000000000000000e+01 2.676171813118621401e+00
1.046183622457782767e+05 4.800000000000000000e+01 2.676171765462334040e+00
1.673893795996452682e+05 4.900000000000000000e+01 2.676171764249169360e+00
2.678230073658324545e+05 5.000000000000000000e+01 2.676171764229751560e+00
4.285168117917319760e+05 5.100000000000000000e+01 2.676171764229557049e+00
6.856268988731711870e+05 5.200000000000000000e+01 2.676171764229557049e+00
1.097003038203473901e+06 5.300000000000000000e+01 2.676171764229553496e+00
1.755204861131958431e+06 5.400000000000000000e+01 2.676171764229553496e+00
2.808327777817533817e+06 5.500000000000000000e+01 2.676171764229553496e+00
4.493324444514454342e+06 5.600000000000000000e+01 2.676171764229553496e+00
7.189319111229527742e+06 5.700000000000000000e+01 2.676171764229553496e+00
1.150291057797364518e+07 5.800000000000000000e+01 2.676171764229553496e+00
1.840465692476423457e+07 5.900000000000000000e+01 2.676171764229553496e+00
2.944745107962917536e+07 6.000000000000000000e+01 2.676171764229553496e+00
4.711592172741308808e+07 6.100000000000000000e+01 2.676171764229553496e+00
7.538547476386734843e+07 6.200000000000000000e+01 2.676171764229553496e+00
1.206167596221941710e+08 6.300000000000000000e+01 2.676171764229557493e+00
1.929868153955170810e+08 6.400000000000000000e+01 2.676171764229557493e+00
3.087789046328337193e+08 6.500000000000000000e+01 2.676171764229557493e+00
4.940462474125404358e+08 6.600000000000000000e+01 2.676171764229557493e+00
7.904739958600711823e+08 6.700000000000000000e+01 2.676171764229557493e+00
1.264758393376120329e+09 6.800000000000000000e+01 2.676171764229557493e+00
2.023613429401798964e+09 6.900000000000000000e+01 2.676171764229557493e+00
3.237781487042884827e+09 7.000000000000000000e+01 2.676171764229557493e+00
5.180450379268622398e+09 7.100000000000000000e+01 2.676171764229557493e+00
8.288720606829802513e+09 7.200000000000000000e+01 2.676171764229557493e+00
1.326195297092769051e+10 7.300000000000000000e+01 2.676171764229557493e+00
2.121912475348431396e+10 7.400000000000000000e+01 2.676171764229554384e+00
3.395059960557490921e+10 7.500000000000000000e+01 2.676171764229554384e+00
5.432095936891986084e+10 7.600000000000000000e+01 2.676171764229554384e+00
8.691353499027178955e+10 7.700000000000000000e+01 2.676171764229554384e+00
1.390616559844348755e+11 7.800000000000000000e+01 2.676171764229554384e+00
2.224986495750958252e+11 7.900000000000000000e+01 2.676171764229554384e+00
3.559978393201533203e+11 8.000000000000000000e+01 2.676171764229554384e+00
5.695965429122453613e+11 8.100000000000000000e+01 2.676171764229554384e+00
9.113544686595926514e+11 8.200000000000000000e+01 2.676171764229554384e+00
