0.000000000000000000e+00 0.000000000000000000e+00 6.903466600085117477e-02
1.000000000000000000e+00 2.000000000000000111e-01 1.534216002390698108e-02
2.000000000000000000e+00 4.000000000000000222e-01 3.176490584334779044e-03
3.000000000000000000e+00 6.000000000000000888e-01 6.453251655034186740e-04
4.000000000000000000e+00 8.000000000000000444e-01 1.304700751858511865e-04
5.000000000000000000e+00 1.000000000000000000e+00 2.634666438039445779e-05
6.000000000000000000e+00 1.199999999999999956e+00 5.318817317689905622e-06
7.000000000000000000e+00 1.399999999999999911e+00 1.073678918661613579e-06
8.000000000000000000e+00 1.599999999999999867e+00 2.167336599079305870e-07
9.000000000000000000e+00 1.799999999999999822e+00 4.374972384368902567e-08
1.000000000000000000e+01 1.999999999999999778e+00 8.831148257115728484e-09
1.100000000000000000e+01 2.199999999999999734e+00 1.782478165068823728e-09
1.200000000000000000e+01 2.399999999999999911e+00 3.596252184934201068e-10
1.300000000000000000e+01 2.600000000000000089e+00 7.239897570343600819e-11
1.400000000000000000e+01 2.800000000000000266e+00 1.441069485963453189e-11
1.500000000000000000e+01 3.000000000000000444e+00 2.699174217468680581e-12
1.600000000000000000e+01 3.200000000000000622e+00 3.277378368693462107e-13
1.700000000000000000e+01 3.400000000000000799e+00 1.980637875931279268e-13
1.800000000000000000e+01 3.600000000000000977e+00 2.895461648222408257e-13
1.900000000000000000e+01 3.800000000000001155e+00 3.161915174132445827e-13
2.000000000000000000e+01 4.000000000000000888e+00 3.277378368693462107e-13
2.100000000000000000e+01 4.200000000000001066e+00 3.392841563254478388e-13
2.200000000000000000e+01 4.400000000000001243e+00 3.526068326209497172e-13
2.300000000000000000e+01 4.600000000000001421e+00 3.623767952376510948e-13
2.400000000000000000e+01 4.800000000000001599e+00 3.730349362740525976e-13
2.500000000000000000e+01 5.000000000000001776e+00 3.872457909892546013e-13
2.600000000000000000e+01 5.200000000000001954e+00 3.961275751862558536e-13
2.700000000000000000e+01 5.400000000000002132e+00 4.050093593832571059e-13
2.800000000000000000e+01 5.600000000000002309e+00 4.174438572590588592e-13
2.900000000000000000e+01 5.800000000000002487e+00 4.263256414560601115e-13
3.000000000000000000e+01 6.000000000000002665e+00 4.405364961712621152e-13
3.100000000000000000e+01 6.200000000000002842e+00 4.511946372076636180e-13
3.200000000000000000e+01 6.400000000000003020e+00 4.654054919228656217e-13
3.300000000000000000e+01 6.600000000000003197e+00 4.725109192804666236e-13
3.400000000000000000e+01 6.800000000000003375e+00 4.796163466380676255e-13
3.500000000000000000e+01 7.000000000000003553e+00 4.920508445138693787e-13
3.600000000000000000e+01 7.200000000000003730e+00 5.062616992290713824e-13
3.700000000000000000e+01 7.400000000000003908e+00 5.115907697472721338e-13
3.800000000000000000e+01 7.600000000000004086e+00 5.293543381412746385e-13
3.900000000000000000e+01 7.800000000000004263e+00 5.417888360170763917e-13
4.000000000000000000e+01 8.000000000000003553e+00 5.453415496958768927e-13
4.100000000000000000e+01 8.200000000000002842e+00 5.648814749292796478e-13
4.200000000000000000e+01 8.400000000000002132e+00 5.702105454474803992e-13
4.300000000000000000e+01 8.600000000000001421e+00 5.826450433232821524e-13
4.400000000000000000e+01 8.800000000000000711e+00 5.950795411990839057e-13
4.500000000000000000e+01 9.000000000000000000e+00 6.075140390748856589e-13
4.600000000000000000e+01 9.199999999999999289e+00 6.199485369506874122e-13
4.700000000000000000e+01 9.399999999999998579e+00 6.288303211476886645e-13
4.800000000000000000e+01 9.599999999999997868e+00 6.359357485052896664e-13
4.900000000000000000e+01 9.799999999999997158e+00 6.519229600598919205e-13
