0.000000000000000000e+00 0.000000000000000000e+00 -0.000000000000000000e+00 0.000000000000000000e+00
1.000000000000000000e+00 4.081632653061224858e-03 -0.000000000000000000e+00 6.122448979591837287e-02
2.000000000000000000e+00 8.163265306122449716e-03 5.609678751998396079e-02 1.224489795918367457e-01
3.000000000000000000e+00 1.224489795918367457e-02 1.121935740803147591e-01 1.836734693877551117e-01
4.000000000000000000e+00 1.632653061224489943e-02 1.682903606406458696e-01 2.448979591836734915e-01
5.000000000000000000e+00 2.040816326530612429e-02 2.243871472009764667e-01 3.061224489795918435e-01
6.000000000000000000e+00 2.448979591836734915e-02 2.804839337613074246e-01 3.673469387755102233e-01
7.000000000000000000e+00 2.857142857142857401e-02 3.365807203216387711e-01 4.285714285714285476e-01
8.000000000000000000e+00 3.265306122448979886e-02 3.926775068819693959e-01 4.897959183673469830e-01
9.000000000000000000e+00 3.673469387755102372e-02 4.487742934422994656e-01 5.510204081632653628e-01
1.000000000000000000e+01 4.081632653061224858e-02 5.048710800026307011e-01 6.122448979591836871e-01
1.100000000000000000e+01 4.489795918367347344e-02 5.609678665629618255e-01 6.734693877551020114e-01
1.200000000000000000e+01 4.897959183673469830e-02 6.170646531232933940e-01 7.346938775510204467e-01
1.300000000000000000e+01 5.306122448979592315e-02 6.731614396836246295e-01 7.959183673469388820e-01
1.400000000000000000e+01 5.714285714285714801e-02 7.292582262439545326e-01 8.571428571428570953e-01
1.500000000000000000e+01 6.122448979591837287e-02 7.853550128042861012e-01 9.183673469387755306e-01
1.600000000000000000e+01 6.530612244897959773e-02 8.414517993646180027e-01 9.795918367346939659e-01
1.700000000000000000e+01 6.938775510204081565e-02 8.975485859249469067e-01 1.040816326530612290e+00
1.800000000000000000e+01 7.346938775510204744e-02 9.536453724852788083e-01 1.102040816326530726e+00
1.900000000000000000e+01 7.755102040816327924e-02 1.009742159045608378e+00 1.163265306122449161e+00
2.000000000000000000e+01 8.163265306122449716e-02 1.065838945605940058e+00 1.224489795918367374e+00
2.100000000000000000e+01 8.571428571428571508e-02 1.121935732166270627e+00 1.285714285714285587e+00
2.200000000000000000e+01 8.979591836734694688e-02 1.178032518726601419e+00 1.346938775510204023e+00
2.300000000000000000e+01 9.387755102040817867e-02 1.234129305286932876e+00 1.408163265306122680e+00
2.400000000000000000e+01 9.795918367346939659e-02 1.290226091847264556e+00 1.469387755102040893e+00
2.500000000000000000e+01 1.020408163265306145e-01 1.346322878407595791e+00 1.530612244897959329e+00
2.600000000000000000e+01 1.061224489795918463e-01 1.402419664967924140e+00 1.591836734693877764e+00
2.700000000000000000e+01 1.102040816326530781e-01 1.458516451528257152e+00 1.653061224489796421e+00
2.800000000000000000e+01 1.142857142857142960e-01 1.514613238088585723e+00 1.714285714285714191e+00
2.900000000000000000e+01 1.183673469387755139e-01 1.570710024648919401e+00 1.775510204081632848e+00
3.000000000000000000e+01 1.224489795918367457e-01 1.626806811209246639e+00 1.836734693877551061e+00
3.100000000000000000e+01 1.265306122448979775e-01 1.682903597769583648e+00 1.897959183673469719e+00
3.200000000000000000e+01 1.306122448979591955e-01 1.739000384329910887e+00 1.959183673469387932e+00
3.300000000000000000e+01 1.346938775510204134e-01 1.795097170890239680e+00 2.020408163265306367e+00
3.400000000000000000e+01 1.387755102040816313e-01 1.851193957450572691e+00 2.081632653061224580e+00
3.500000000000000000e+01 1.428571428571428770e-01 1.907290744010905259e+00 2.142857142857143238e+00
3.600000000000000000e+01 1.469387755102040949e-01 1.963387530571234496e+00 2.204081632653061451e+00
3.700000000000000000e+01 1.510204081632653128e-01 2.019484317131563067e+00 2.265306122448979664e+00
3.800000000000000000e+01 1.551020408163265585e-01 2.075581103691897411e+00 2.326530612244898322e+00
3.900000000000000000e+01 1.591836734693877764e-01 2.131677890252229091e+00 2.387755102040816979e+00
4.000000000000000000e+01 1.632653061224489943e-01 2.187774676812557217e+00 2.448979591836734748e+00
4.100000000000000000e+01 1.673469387755102122e-01 2.243871463372885788e+00 2.510204081632652962e+00
4.200000000000000000e+01 1.714285714285714302e-01 2.299968249933221465e+00 2.571428571428571175e+00
4.300000000000000000e+01 1.755102040816326758e-01 2.356065036493549147e+00 2.632653061224490276e+00
4.400000000000000000e+01 1.795918367346938938e-01 2.412161823053876386e+00 2.693877551020408045e+00
4.500000000000000000e+01 1.836734693877551117e-01 2.468258609614212507e+00 2.755102040816326703e+00
4.600000000000000000e+01 1.877551020408163573e-01 2.524355396174545518e+00 2.816326530612245360e+00
4.700000000000000000e+01 1.918367346938775753e-01 2.580452182734873645e+00 2.877551020408163573e+00
4.800000000000000000e+01 1.959183673469387932e-01 2.636548969295204436e+00 2.938775510204081787e+00
4.900000000000000000e+01 2.000000000000000111e-01 2.692645755855538781e+00 3.000000000000000444e+00
