0.000000000000000000e+00 1.981134552743255789e-15 2.046273170182735690e+00 2.046273170182737466e+00 7.063335368755223609e-01
1.003343964626959295e-01 1.572568086290186684e-02 2.046273223729988544e+00 2.061998904592890369e+00 7.063362571258829936e-01
1.930657372936421812e-01 5.786317732575472356e-02 2.046273910171695576e+00 2.104137087497450320e+00 7.063399362461726394e-01
2.788011926566196230e-01 1.199683055703267970e-01 2.046276413763867374e+00 2.166244719334194269e+00 7.063439657454129161e-01
3.580995715527136580e-01 1.968621902434211923e-01 2.046282056489139300e+00 2.243144246732560632e+00 7.063480996654479815e-01
4.314751742821778535e-01 2.843953306765630296e-01 2.046291994226082434e+00 2.330687324902645408e+00 7.063522226256966352e-01
4.994013380201628438e-01 3.792551174573568495e-01 2.046307063821650729e+00 2.425562181279007579e+00 7.063562710282047519e-01
5.623136999527879043e-01 4.788089484355558811e-01 2.046328047445165943e+00 2.525136995880721713e+00 7.063602091089292712e-01
6.206132004726386819e-01 5.809770221913327370e-01 2.046355365040395391e+00 2.627332387231728017e+00 7.063640075871051582e-01
6.746688471404900245e-01 6.841293850302057056e-01 2.046388546106536754e+00 2.730517931136742682e+00 7.063676526977067383e-01
7.248202584705680795e-01 7.869993633977312442e-01 2.046428159635299782e+00 2.833427523033031026e+00 7.063711367755352022e-01
7.713800050785548645e-01 8.886164521760325785e-01 2.046473811394212916e+00 2.935090263570245384e+00 7.063744558792814932e-01
8.146357643343732358e-01 9.882496649122695098e-01 2.046524654115689401e+00 3.034774319027958800e+00 7.063776092262057382e-01
8.548523033759196643e-01 1.085360571369043736e+00 2.046580152050315959e+00 3.131940723419359696e+00 7.063805994033134361e-01
8.922733041564716583e-01 1.179566057352380737e+00 2.046639683699012835e+00 3.226205741051393794e+00 7.063834307563882087e-01
9.271230431093303581e-01 1.270605916452347772e+00 2.046704048534533360e+00 3.317309964986881354e+00 7.063861087041738429e-01
9.596079370108587803e-01 1.358320419209588570e+00 2.046772642504771866e+00 3.405093061714360658e+00 7.063886394412121073e-01
9.899179657005194866e-01 1.442630220895192661e+00 2.046843129801389605e+00 3.489473350696582266e+00 7.063910297952082917e-01
1.018227981467454413e+00 1.523514555336954013e+00 2.046916355712473656e+00 3.570430911049427891e+00 7.063932871163232097e-01
1.044698914131722445e+00 1.601002154639660890e+00 2.046991567591193384e+00 3.647993722230854274e+00 7.063954188897819675e-01
1.069478880129143938e+00 1.675159081432235464e+00 2.047067549029762734e+00 3.722226630461998198e+00 7.063974327107184203e-01
1.092704203246787742e+00 1.746078643453195411e+00 2.047143582672872775e+00 3.793222226126068186e+00 7.063993357395136341e-01
1.114500354047005759e+00 1.813874002238695660e+00 2.047219458871035069e+00 3.861093461109730729e+00 7.064011352405342725e-01
1.134982814457256906e+00 1.878672866618049886e+00 2.047294843384718011e+00 3.925967710002767674e+00 7.064028380152664877e-01
1.154257873487000152e+00 1.940611226166897740e+00 2.047370768432317689e+00 3.987981994599215430e+00 7.064044504437640981e-01
1.172423359558060652e+00 1.999831855124719837e+00 2.047447281148440101e+00 4.047279136273159494e+00 7.064059788270592444e-01
1.189569314497820551e+00 2.056481297952627241e+00 2.047523504368214731e+00 4.104004802320842415e+00 7.064074292751330031e-01
1.205778613842366287e+00 2.110705952275387709e+00 2.047599172758872932e+00 4.158305125034260641e+00 7.064088073048465644e-01
1.221127537726526935e+00 2.162650184629029138e+00 2.047674637163514610e+00 4.210324821792543304e+00 7.064101182671653767e-01
1.235686296297037412e+00 2.212456691126475139e+00 2.047749104165337286e+00 4.260205795291811981e+00 7.064113671509137937e-01
1.249519513271510673e+00 2.260263021125482386e+00 2.047823042640187996e+00 4.308086063765670382e+00 7.064125587141721896e-01
1.262686670977310355e+00 2.306203077856467054e+00 2.047895890215570613e+00 4.354098968072037223e+00 7.064136972303723949e-01
1.275242519938826424e+00 2.350405218037324939e+00 2.047967418982030274e+00 4.398372637019354769e+00 7.064147867688360671e-01
1.287237455837222821e+00 2.392991949561283693e+00 2.048037662968195782e+00 4.441029612529479920e+00 7.064158311352032316e-01
1.298717866441755353e+00 2.434079963274353275e+00 2.048106666880875615e+00 4.482186630155228890e+00 7.064168338754233112e-01
1.309726450904722173e+00 2.473779718691486273e+00 2.048174800590949918e+00 4.521954519282436635e+00 7.064177982247679122e-01
1.320302513621550045e+00 2.512196128703686249e+00 2.048242066875378242e+00 4.560438195579064491e+00 7.064187272914722593e-01
1.330482234682153209e+00 2.549426927210733052e+00 2.048309797639348062e+00 4.597736724850081558e+00 7.064196238742425082e-01
1.340298918778301873e+00 2.585566154395005256e+00 2.048377290671621775e+00 4.633943445066627476e+00 7.064204905915228982e-01
1.349783224283185534e+00 2.620701353001842815e+00 2.048444784941552577e+00 4.669146137943394947e+00 7.064213298423420717e-01
1.358963374082653885e+00 2.654915797863676374e+00 2.048511430597554028e+00 4.703427228461229959e+00 7.064221441118098133e-01
1.367865349611787851e+00 2.688286695561800776e+00 2.048577302515907750e+00 4.736863998077708970e+00 7.064229355006761413e-01
1.376513069434670555e+00 2.720886326188829862e+00 2.048642480723842585e+00 4.769528806912672891e+00 7.064237059688309728e-01
1.384928553598627987e+00 2.752782286552419411e+00 2.048707044491904217e+00 4.801489331044323627e+00 7.064244573310981545e-01
1.393132074896159756e+00 2.784037319628568152e+00 2.048771483922319003e+00 4.832808803550887156e+00 7.064251912260154365e-01
1.401142298077477477e+00 2.814709165784684330e+00 2.048837079386185422e+00 4.863546245170869753e+00 7.064259089228115407e-01
1.408976407973508094e+00 2.844854118947987676e+00 2.048902591252357741e+00 4.893756710200345417e+00 7.064266122425222338e-01
1.416650227412755481e+00 2.874523742917097113e+00 2.048967788600911444e+00 4.923491531518008557e+00 7.064273024575731252e-01
1.424178325745031781e+00 2.903765665359494097e+00 2.049032873557291801e+00 4.952798538916786342e+00 7.064279808060576205e-01
1.431574118720320365e+00 2.932624421207171483e+00 2.049097851410326410e+00 4.981722272617497893e+00 7.064286484231445673e-01
1.438849960411416884e+00 2.961141384892966855e+00 2.049162810593958106e+00 5.010304195486924961e+00 7.064293063982557408e-01
1.446017227814138106e+00 2.989355137003020246e+00 2.049227753784115258e+00 5.038582890787135504e+00 7.064299556702201555e-01
1.453086398708404836e+00 3.017301535337133522e+00 2.049292718614494468e+00 5.066594253951627991e+00 7.064305971233929560e-01
1.460067123317031923e+00 3.045013906762236822e+00 2.049357765387116892e+00 5.094371672149353714e+00 7.064312315886197569e-01
1.466968290256307927e+00 3.072523001074277893e+00 2.049423193657728515e+00 5.121946194732005964e+00 7.064318598145550299e-01
1.473798087233068044e+00 3.099857143265258408e+00 2.049489547569974146e+00 5.149346690835232110e+00 7.064324824868755126e-01
1.480564056906763293e+00 3.127043640735849728e+00 2.049556361008169070e+00 5.176600001744018797e+00 7.064331003663983921e-01
1.487273148301675674e+00 3.154106353284253039e+00 2.049624735791375940e+00 5.203731089075628979e+00 7.064337137340720441e-01
1.493931764123759498e+00 3.181068921959986806e+00 2.049694233230310303e+00 5.230763155190297553e+00 7.064343233169526615e-01
1.500545804308338615e+00 3.207953455873166604e+00 2.049764330360743347e+00 5.257717786233909507e+00 7.064349297239482794e-01
1.507120706098917795e+00 3.234779194236757860e+00 2.049835867395263911e+00 5.284615061632021771e+00 7.064355333427715378e-01
1.513661480933430337e+00 3.261564421458296614e+00 2.049909234169204897e+00 5.311473655627501955e+00 7.064361345290873784e-01
1.520172748392249806e+00 3.288327626502103751e+00 2.049983319994320485e+00 5.338310946496424236e+00 7.064367338779107275e-01
1.526658767442018005e+00 3.315085078032828036e+00 2.050058040871058918e+00 5.365143118903887398e+00 7.064373317617868020e-01
1.533123465190709300e+00 3.341851807338285685e+00 2.050133437661912694e+00 5.391985245000197935e+00 7.064379285301105593e-01
1.539570463352185392e+00 3.368641815147614960e+00 2.050209551025377053e+00 5.418851366172992456e+00 7.064385245086668430e-01
1.546003102602699242e+00 3.395468149391901225e+00 2.050286420248478070e+00 5.445754569640379295e+00 7.064391199991540971e-01
1.552424464997277820e+00 3.422342915741129588e+00 2.050364144022571278e+00 5.472707059763701309e+00 7.064397152988702855e-01
1.558837394600536719e+00 3.449277447593742885e+00 2.050442775604909507e+00 5.499720223198652391e+00 7.064403106748522454e-01
1.565244516474157743e+00 3.476282055281342931e+00 2.050522636390550879e+00 5.526804691671893366e+00 7.064409063856411652e-01
1.571648254151943647e+00 3.503366597469105059e+00 2.050603797526939331e+00 5.553970394996044391e+00 7.064415026720789470e-01
1.578050845722929640e+00 3.530540714794932811e+00 2.050685903995825399e+00 5.581226618790758209e+00 7.064420996863561841e-01
1.584454358633428317e+00 3.557813066880763042e+00 2.050768987687559441e+00 5.608582054568322484e+00 7.064426976156782390e-01
1.590860703310065460e+00 3.585191761929954257e+00 2.050853080877233392e+00 5.636044842807187649e+00 7.064432966390866708e-01
1.597271645697720732e+00 3.612684293136379399e+00 2.050938321855817037e+00 5.663622614992195992e+00 7.064438968978458133e-01
1.603688818798817861e+00 3.640296392811581239e+00 2.051026137715796338e+00 5.691322530527378021e+00 7.064444982668115491e-01
1.610113733293508487e+00 3.668035533447810970e+00 2.051115771620227068e+00 5.719151305068038482e+00 7.064451010958208155e-01
1.616547787313976858e+00 3.695908374180686184e+00 2.051206888755045643e+00 5.747115262935731828e+00 7.064457056115694966e-01
1.622992275440238608e+00 3.723920329283790132e+00 2.051300029652789458e+00 5.775220358936579146e+00 7.064463118761016291e-01
1.629448396979454872e+00 3.752076282017559272e+00 2.051395920144315710e+00 5.803472202161874982e+00 7.064469197523240984e-01
1.635917263585837889e+00 3.780382430928332926e+00 2.051493654447453796e+00 5.831876085375786722e+00 7.064475296186847331e-01
1.642399906273672050e+00 3.808844268745094297e+00 2.051592750438401946e+00 5.860437019183496687e+00 7.064481416372945244e-01
1.648897281871800846e+00 3.837466507462456100e+00 2.051693242050470989e+00 5.889159749512927533e+00 7.064487559139202011e-01
1.655410278964067894e+00 3.866253634418776564e+00 2.051795142021972218e+00 5.918048776440748782e+00 7.064493725124251222e-01
1.661939723356665288e+00 3.895209104636502051e+00 2.051899268127881371e+00 5.947108372764382977e+00 7.064499913403241571e-01
1.668486383110073801e+00 3.924335940417323698e+00 2.052006654596275848e+00 5.976342595013599990e+00 7.064506122690656920e-01
1.675050973170280955e+00 3.953638080100834173e+00 2.052117241407451331e+00 6.005755321508285505e+00 7.064512375758392748e-01
1.681634159631197445e+00 3.983122270887848870e+00 2.052227949444243471e+00 6.035350220332092341e+00 7.064518637849916960e-01
1.688236563657653067e+00 4.012790562978183040e+00 2.052340276466900093e+00 6.065130839445083133e+00 7.064524927025634948e-01
1.694858765096009634e+00 4.042646000904790426e+00 2.052454563432122736e+00 6.095100564336913607e+00 7.064531243910342484e-01
1.701501305797276542e+00 4.072690694629456765e+00 2.052571944126974746e+00 6.125262638756431954e+00 7.064537587323965750e-01
1.708164692675628427e+00 4.102928223956893383e+00 2.052691951544300952e+00 6.155620175501194780e+00 7.064543958596705142e-01
1.714849400523408729e+00 4.133361576076515220e+00 2.052814598590174899e+00 6.186176174666689676e+00 7.064550358397255758e-01
1.721555874602012537e+00 4.163994451541300101e+00 2.052939081294019363e+00 6.216933532835319909e+00 7.064556788130501586e-01
1.728284533026505310e+00 4.194828192632599873e+00 2.053066861129742016e+00 6.247895053762341888e+00 7.064563245846333661e-01
1.735035768960408564e+00 4.225864743296293469e+00 2.053198695686509812e+00 6.279063438982802836e+00 7.064569730971808070e-01
1.741809952635775316e+00 4.257105976546990078e+00 2.053335329354897265e+00 6.310441305901887787e+00 7.064576243635412034e-01
1.748607433212471474e+00 4.288556871842382989e+00 2.053474326962016594e+00 6.342031198804399139e+00 7.064582788877398212e-01
1.755428540489476052e+00 4.320220146121190652e+00 2.053615462009527270e+00 6.373835608130717922e+00 7.064589366312009622e-01
1.762273586479983001e+00 4.352098191926466519e+00 2.053758772240228847e+00 6.405856964166694922e+00 7.064595976456650162e-01
1.769142866861162178e+00 4.384193336076241287e+00 2.053904305031030386e+00 6.438097641107271230e+00 7.064602619925903770e-01
1.776036662308557723e+00 4.416507671973654681e+00 2.054052290280721227e+00 6.470559962254375463e+00 7.064609297601927018e-01
1.782955239724318464e+00 4.449043387363035507e+00 2.054202815608574539e+00 6.503246202971610046e+00 7.064616009158812826e-01
1.789898853367714704e+00 4.481801913243150359e+00 2.054356682462342931e+00 6.536158595705493290e+00 7.064622755236782403e-01
1.796867745895731838e+00 4.514785882515087501e+00 2.054513448354469141e+00 6.569299330869556641e+00 7.064629537525286551e-01
1.803862149320896169e+00 4.547997762083399564e+00 2.054672806844400679e+00 6.602670568927800687e+00 7.064636355969249326e-01
1.810882285892932542e+00 4.581439309956645722e+00 2.054835131730815778e+00 6.636274441687461945e+00 7.064643209673648894e-01
1.817928368910320280e+00 4.615108924344593966e+00 2.055004120457866179e+00 6.670113044802460145e+00 7.064650093621318572e-01
1.825000603467333615e+00 4.649011108085884914e+00 2.055177323200042316e+00 6.704188431285927230e+00 7.064657013194250990e-01
1.832099187141702279e+00 4.683149213975360325e+00 2.055353439198917886e+00 6.738502653174277768e+00 7.064663969138663679e-01
1.839224310627627590e+00 4.717525207508024288e+00 2.055532540609194214e+00 6.773057748117218502e+00 7.064670961952136397e-01
1.846376158318504768e+00 4.752140454735971353e+00 2.055715282911680486e+00 6.807855737647651395e+00 7.064677990414197639e-01
1.853554908843359605e+00 4.786996032351069630e+00 2.055902588902740469e+00 6.842898621253810099e+00 7.064685053409215376e-01
1.860760735560686996e+00 4.822095072846495967e+00 2.056093311921232125e+00 6.878188384767728536e+00 7.064692154283565007e-01
1.867993807013084373e+00 4.857435880868155031e+00 2.056291126438752226e+00 6.913727007306906813e+00 7.064699289086264766e-01
1.875254287345804016e+00 4.893022175782507865e+00 2.056494256649857189e+00 6.949516432432364610e+00 7.064706462263419251e-01
1.882542336692099916e+00 4.928853503753360954e+00 2.056705109999858117e+00 6.985558613753219070e+00 7.064713669920268391e-01
1.889858111528013751e+00 4.964934576065180849e+00 2.056920903887404339e+00 7.021855479952584744e+00 7.064720916068506495e-01
1.897201764999034923e+00 5.001268468975755610e+00 2.057140513392976100e+00 7.058408982368732154e+00 7.064728202380876620e-01
1.904573447220877069e+00 5.037857079819533013e+00 2.057363990585824975e+00 7.095221070405358432e+00 7.064735528995307323e-01
1.911973305556431857e+00 5.074699541477920128e+00 2.057594167134304097e+00 7.132293708612223782e+00 7.064742911250905255e-01
1.919401484870797647e+00 5.111794377483328766e+00 2.057834423564517401e+00 7.169628801047846167e+00 7.064750307727675205e-01
1.926858127766134743e+00 5.149147402760220871e+00 2.058080853265612298e+00 7.207228256025833169e+00 7.064757744267886608e-01
1.934343374797948378e+00 5.186760279237794258e+00 2.058333728545845620e+00 7.245094007783640322e+00 7.064765221719426780e-01
1.941857364674282493e+00 5.224636533425623952e+00 2.058591457994180640e+00 7.283227991419805036e+00 7.064772741651296206e-01
1.949400234439189861e+00 5.262778582255122295e+00 2.058853575293035476e+00 7.321632157548157771e+00 7.064780305808986416e-01
1.956972119641722241e+00 5.301188161113350006e+00 2.059120299944627863e+00 7.360308461057977425e+00 7.064787915206843794e-01
1.964573154491606077e+00 5.339867407130172161e+00 2.059391453534907601e+00 7.399258860665080206e+00 7.064795569697228661e-01
1.972203472002654223e+00 5.378818072375537440e+00 2.059667248856118515e+00 7.438485321231656400e+00 7.064803270000437063e-01
1.979863204124899578e+00 5.418040701678643600e+00 2.059949110932819849e+00 7.477989812611463449e+00 7.064811013292701114e-01
1.987552481866344589e+00 5.457534450484931909e+00 2.060239838325275574e+00 7.517774288810207040e+00 7.064818798001223366e-01
1.995271435405156391e+00 5.497305238717823173e+00 2.060535475886974055e+00 7.557840714604797228e+00 7.064826629974740868e-01
2.003020194193068093e+00 5.537353334570504160e+00 2.060837743863265015e+00 7.598191078433769619e+00 7.064834507109253314e-01
2.010798887050687878e+00 5.577676013669042199e+00 2.061151335934664708e+00 7.638827349603706907e+00 7.064842424616702976e-01
2.018607642255363377e+00 5.618280398419792654e+00 2.061471103523340176e+00 7.679751501943132830e+00 7.064850390881869391e-01
2.026446587622190432e+00 5.659163929868743281e+00 2.061801608818087495e+00 7.720965538686830776e+00 7.064858399048411508e-01
2.034315850578713558e+00 5.700323997316537827e+00 2.062147417481637213e+00 7.762471414798175040e+00 7.064866445249162741e-01
2.042215558233829054e+00 5.741768075594332110e+00 2.062503037287190200e+00 7.804271112881522754e+00 7.064874540025323224e-01
2.050145837441339935e+00 5.783496765619801749e+00 2.062869893363250107e+00 7.846366658983051856e+00 7.064882700772313617e-01
2.058106814858600142e+00 5.825520264665791537e+00 2.063239800613638320e+00 7.888760065279429412e+00 7.064890900710057986e-01
2.066098617000636128e+00 5.867823954435026579e+00 2.063629416638566028e+00 7.931453371073592606e+00 7.064899137192403034e-01
2.074121370290106903e+00 5.910417812918573155e+00 2.064030737427085871e+00 7.974448550345659470e+00 7.064907424215352005e-01
2.082175201103426687e+00 5.953305921834338044e+00 2.064441733631328990e+00 8.017747655465667478e+00 7.064915766744889192e-01
2.090260235813378387e+00 5.996491035983685158e+00 2.064861712212390010e+00 8.061352748196075169e+00 7.064924166803844274e-01
2.098376600828470551e+00 6.039975692931331963e+00 2.065290216388310007e+00 8.105265909319641082e+00 7.064932626593044551e-01
2.106524422629315385e+00 6.083761660266045368e+00 2.065727571760359371e+00 8.149489232026404295e+00 7.064941145631111752e-01
2.114703827802264957e+00 6.127849317380873018e+00 2.066175503675809821e+00 8.194024821056682839e+00 7.064949723351486854e-01
2.122914943070514315e+00 6.172235559362206914e+00 2.066639202046475887e+00 8.238874761408682801e+00 7.064958357111389420e-01
2.131157895322885132e+00 6.216927852059301429e+00 2.067113300888766325e+00 8.284041152948066866e+00 7.064967055372809446e-01
2.139432811640467058e+00 6.261923311336760278e+00 2.067602806034271268e+00 8.329526117371031546e+00 7.064975813687701667e-01
2.147739819321297983e+00 6.307209512067526447e+00 2.068122239427221842e+00 8.375331751494748289e+00 7.064984642679128513e-01
2.156079045903221303e+00 6.352802732926387641e+00 2.068657363699747620e+00 8.421460096626134373e+00 7.064993518075760592e-01
2.164450619185093405e+00 6.398698452828424088e+00 2.069214797481679469e+00 8.467913250310104445e+00 7.065002456111962870e-01
2.172854667246447047e+00 6.444908717569914458e+00 2.069784622086921821e+00 8.514693339656837168e+00 7.065011470828012063e-01
2.181291318465748752e+00 6.491428953224076537e+00 2.070373590082458470e+00 8.561802543306534119e+00 7.065020556527191742e-01
2.189760701537361243e+00 6.538251659450596165e+00 2.070991311592720319e+00 8.609242971043316928e+00 7.065029708428756106e-01
2.198262945487311715e+00 6.585392923539941101e+00 2.071623828337408657e+00 8.657016751877350202e+00 7.065038947011882398e-01
2.206798179687960992e+00 6.632854011936371919e+00 2.072272088213011898e+00 8.705126100149383817e+00 7.065048275433449820e-01
2.215366533871668153e+00 6.680631500168900949e+00 2.072941742776260199e+00 8.753573242945162036e+00 7.065057717076224097e-01
2.223968138143521678e+00 6.728738359115946643e+00 2.073622027070784579e+00 8.802360386186730778e+00 7.065067236434040554e-01
2.232603122993221501e+00 6.777160055530956129e+00 2.074329687317511883e+00 8.851489742848468012e+00 7.065076849652499602e-01
2.241271619306173690e+00 6.825904892140430391e+00 2.075058615418719832e+00 8.900963507559151111e+00 7.065086568877830819e-01
2.249973758373863042e+00 6.874961887638761482e+00 2.075822012394211047e+00 8.950783900032972085e+00 7.065096388446876485e-01
2.258709671903563532e+00 6.924317663451328819e+00 2.076635381136759939e+00 9.000953044588088758e+00 7.065106340921697425e-01
2.267479492027438148e+00 6.973992721840049036e+00 2.077480305836353569e+00 9.051473027676403049e+00 7.065116400130152519e-01
2.276283351311076064e+00 7.023992270217195966e+00 2.078353800665659001e+00 9.102346070882855855e+00 7.065126597956803423e-01
2.285121382761518216e+00 7.074299988725075927e+00 2.079274372209614086e+00 9.153574360934690901e+00 7.065136938529104071e-01
2.293993719834803269e+00 7.124932207062889766e+00 2.080227824504580880e+00 9.205160031567469758e+00 7.065147446737648496e-01
2.302900496443083700e+00 7.175888554049254964e+00 2.081216821066785627e+00 9.257105375116040591e+00 7.065158164213473091e-01
2.311841846961337765e+00 7.227187360056348986e+00 2.082225303184929377e+00 9.309412663241278807e+00 7.065169049170032523e-01
2.320817906233715089e+00 7.278798671547172638e+00 2.083285476259620683e+00 9.362084147806793766e+00 7.065180141003957193e-01
2.329828809579546078e+00 7.330715276623116061e+00 2.084406729227074706e+00 9.415122005850189879e+00 7.065191499964548205e-01
2.338874692799038701e+00 7.382932794698474410e+00 2.085595499432126854e+00 9.468528294130601708e+00 7.065203097964499745e-01
2.347955692178691045e+00 7.435452472043735384e+00 2.086852574912559266e+00 9.522305046956294206e+00 7.065215002549528611e-01
2.357071944496445859e+00 7.488268978696908995e+00 2.088185435747580421e+00 9.576454414444489416e+00 7.065227292872306997e-01
2.366223587026596409e+00 7.541386228326960151e+00 2.089592165601465990e+00 9.630978393928426584e+00 7.065239957986372277e-01
2.375410757544484053e+00 7.594817796147458111e+00 2.091061329684012371e+00 9.685879125831469594e+00 7.065253116514017551e-01
2.384633594330985762e+00 7.648561820999449701e+00 2.092596974016028177e+00 9.741158795015477878e+00 7.065266745068885523e-01
2.393892236176815125e+00 7.702571915258682012e+00 2.094247477886396869e+00 9.796819393145078436e+00 7.065281048870724057e-01
2.403186822386660815e+00 7.756833255287845397e+00 2.096029503602226729e+00 9.852862758890072570e+00 7.065296125190007048e-01
2.412517492783164741e+00 7.811339116407019389e+00 2.097951476265609294e+00 9.909290592672629572e+00 7.065312128846380491e-01
2.421884387710754982e+00 7.866068823855909109e+00 2.100035753887951273e+00 9.966104577743859494e+00 7.065329279827784470e-01
2.431287648039356597e+00 7.921063994622315363e+00 2.102242288290740557e+00 1.002330628291305636e+01 7.065347730156031902e-01
2.440727415167974534e+00 7.976299418255543117e+00 2.104598193987057275e+00 1.008089761224259995e+01 7.065367738464815028e-01
2.450203831028170853e+00 8.031640344828723244e+00 2.107239533225779837e+00 1.013887987805450308e+01 7.065390075419502036e-01
2.459717038087444685e+00 8.087054113188862914e+00 2.110199619370742408e+00 1.019725373255960577e+01 7.065415407034058015e-01
2.469267179352513608e+00 8.142509296906636607e+00 2.113510269979651746e+00 1.025601956688628746e+01 7.065444663841424777e-01
2.478854398372521306e+00 8.198024295619743995e+00 2.117153620205671771e+00 1.031517791582541577e+01 7.065478765316536292e-01
2.488478839242161733e+00 8.253270692489570237e+00 2.121457732198293478e+00 1.037472842468786283e+01 7.065521189547572245e-01
2.498140646604737114e+00 8.307963672463470672e+00 2.126704995227474360e+00 1.043466866769094459e+01 7.065577345543871957e-01
2.507839965655152881e+00 8.361901010036357107e+00 2.133093848101548673e+00 1.049499485813790578e+01 7.065657035242783879e-01
2.517576942142857099e+00 8.412383100515857137e+00 2.143313321601563626e+00 1.055569642211742121e+01 7.065820495102334009e-01
2.527351722374720833e+00 1.278211549873521924e-01 8.473565159070604480e+00 8.601386314057956284e+00 8.926518651946806493e-01
2.537164453217882976e+00 1.286285007162222549e-01 8.473748011319830908e+00 8.602376512036054024e+00 8.932886312807446494e-01
2.547015282102539580e+00 1.294419194668732787e-01 8.473930981358643422e+00 8.603372900825517533e+00 8.940231939444645004e-01
2.556904357024705643e+00 1.302629709786257139e-01 8.474112641129213586e+00 8.604375612107839189e+00 8.947610182168739268e-01
2.566831826548937379e+00 1.310903066037281128e-01 8.474294327432806639e+00 8.605384634036534308e+00 8.955973168354617320e-01
2.576797839811017621e+00 1.319268388296197525e-01 8.474473332084036414e+00 8.606400170913655501e+00 8.963402246305747223e-01
2.586802546520628354e+00 1.327711759269380454e-01 8.474651034408321237e+00 8.607422210335260004e+00 8.970856882729135728e-01
2.596846096963977057e+00 1.336233675831824119e-01 8.474827445257014702e+00 8.608450812840196420e+00 8.978337265826565883e-01
2.606928642006422603e+00 1.344834649260051584e-01 8.475002574448797787e+00 8.609486039374802502e+00 8.985843511997205768e-01
2.617050333095064740e+00 1.353515196833067757e-01 8.475176431602406524e+00 8.610527951285712689e+00 8.993375737364750488e-01
2.627211322261323811e+00 1.362275841950456590e-01 8.475349026127149799e+00 8.611576610322195791e+00 9.000934049294809780e-01
2.637411762123504033e+00 1.371117119103179294e-01 8.475520366734151878e+00 8.612632078644470113e+00 9.008518496276356480e-01
2.647651805889339460e+00 1.380039551303572365e-01 8.475690463690474630e+00 8.613694418820831089e+00 9.016129271164357029e-01
2.657931607358536841e+00 1.389043675198673444e-01 8.475859326310230202e+00 8.614763693830097324e+00 9.023766490388414052e-01
2.668251320925298931e+00 1.398130032219670194e-01 8.476026963846777562e+00 8.615839967068744443e+00 9.031430270476799027e-01
2.678611101580844256e+00 1.407299168601532369e-01 8.476193385494310562e+00 8.616923302354463132e+00 9.039120728049937492e-01
2.689011104915919770e+00 1.416551647668455871e-01 8.476358599164656837e+00 8.618013763931502424e+00 9.046837951299958602e-01
2.699451487123306848e+00 1.425888038445148331e-01 8.476522612647761079e+00 8.619111416492275524e+00 9.054582021680355197e-01
2.709932405000325506e+00 1.435308874757993125e-01 8.476685437669358336e+00 8.620216325145158009e+00 9.062353120499954118e-01
2.720454015951327076e+00 1.444814722281113628e-01 8.476847083200194533e+00 8.621328555428306117e+00 9.070151365000475030e-01
2.731016477990196645e+00 1.454406151579486217e-01 8.477007558161727019e+00 8.622448173319675391e+00 9.077976872447057755e-01
2.741619949742843954e+00 1.464083738120785516e-01 8.477166871429128392e+00 8.623575245241207554e+00 9.085829760249672926e-01
2.752264590449698289e+00 1.473848062285868510e-01 8.477325031833219171e+00 8.624709838061805911e+00 9.093710145968418868e-01
2.762950559968205599e+00 1.483699709378016596e-01 8.477482048164256767e+00 8.625852019102058676e+00 9.101618147318724095e-01
2.773678018775318055e+00 1.493639269633844635e-01 8.477637929173898357e+00 8.627001856137283653e+00 9.109553882177900963e-01
2.784447127969998270e+00 1.503667338201612191e-01 8.477792683581339972e+00 8.628159417401501941e+00 9.117517468589895202e-01
2.795258049275713752e+00 1.513784515176823109e-01 8.477946320073753483e+00 8.629324771591436516e+00 9.125509024773431621e-01
2.806110945042941118e+00 1.523991405569253832e-01 8.478098847313102482e+00 8.630497987870027643e+00 9.133528669127247701e-01
2.817005978251674758e+00 1.534288619296767520e-01 8.478250273940549420e+00 8.631679135870225394e+00 9.141576520238876569e-01
2.827943312513932828e+00 1.544676771129016302e-01 8.478400608585472398e+00 8.632868285698373612e+00 9.149652696891277248e-01
2.838923112076273458e+00 1.555156480710676858e-01 8.478549859867756666e+00 8.634065507938824879e+00 9.157757318079149389e-01
2.849945541822315853e+00 1.565728372586303319e-01 8.478698036397826598e+00 8.635270873656457624e+00 9.165890503004872070e-01
2.861010767275261379e+00 1.576393076015466244e-01 8.478845146799100618e+00 8.636484454400648048e+00 9.174052371083644131e-01
2.872118954600429763e+00 1.587151224962148055e-01 8.478991199712964999e+00 8.637706322209179888e+00 9.182243041985483911e-01
2.883270270607789509e+00 1.598003457990291865e-01 8.479136203811730610e+00 8.638936549610759741e+00 9.190462635625412657e-01
2.894464882754507862e+00 1.608950418226800516e-01 8.479280167806695800e+00 8.640175209629376241e+00 9.198711272184566523e-01
2.905702959147491438e+00 1.619992753042429068e-01 8.479423100481897180e+00 8.641422375786140364e+00 9.206989072144374786e-01
2.916984668545952175e+00 1.631131114623503575e-01 8.479565010640747857e+00 8.642678122103097493e+00 9.215296152830496634e-01
2.928310180363965731e+00 1.642366162723105927e-01 8.479705906835166118e+00 8.643942523107476461e+00 9.223632600740091503e-01
2.939679664673043202e+00 1.653698551988606325e-01 8.479845798632531739e+00 8.645215653831392899e+00 9.231998575355669923e-01
2.951093292204712171e+00 1.665128945159140006e-01 8.479984695296650443e+00 8.646497589812565110e+00 9.240394198536076020e-01
2.962551234353103080e+00 1.676657021308420870e-01 8.480122703831284525e+00 8.647788405962126390e+00 9.248823664769416641e-01
2.974053663177542273e+00 1.688285908881835551e-01 8.480259590837832206e+00 8.649088181726016344e+00 9.257274964798157812e-01
2.985600751405157904e+00 1.700013417264825411e-01 8.480395648999913050e+00 8.650396990726395785e+00 9.265764208728177742e-01
2.997192672433490301e+00 1.711842002158998344e-01 8.480530712570036656e+00 8.651714912785935852e+00 9.274279676601255851e-01
3.008829600333112531e+00 1.723772033708308449e-01 8.480664822065898889e+00 8.653042025436729290e+00 9.282825391529813119e-01
3.020511709850260740e+00 1.735804075892755372e-01 8.480797999557267985e+00 8.654378407146543495e+00 9.291401496184478193e-01
3.032239176409470716e+00 1.747938738358599808e-01 8.480930263064184516e+00 8.655724136900044385e+00 9.300008125034390227e-01
3.044012176116225543e+00 1.760175295069533186e-01 8.481061763501568151e+00 8.657079293008521859e+00 9.308645628183935816e-01
3.055830885759612592e+00 1.772516180486360948e-01 8.481192338743831272e+00 8.658443956792467588e+00 9.317313818243603274e-01
3.067695482814988939e+00 1.784961539198675340e-01 8.481322054112258257e+00 8.659818208032126208e+00 9.326012920369723957e-01
3.079606145446655674e+00 1.797509948874186358e-01 8.481451130529940485e+00 8.661202125417359454e+00 9.334743330320649513e-01
3.091563052510543752e+00 1.810160108519339173e-01 8.481579776733054743e+00 8.662595787584988827e+00 9.343505372156786226e-01
3.103566383556909170e+00 1.822910209224632982e-01 8.481708250748811295e+00 8.663999271671274371e+00 9.352299323265617081e-01
3.115616318833033027e+00 1.832807205775196235e-01 8.482074368215815952e+00 8.665355088793335270e+00 9.361582169316876589e-01
3.127713039285939800e+00 1.845786326260620003e-01 8.482197614064196145e+00 8.666776246690258034e+00 9.369432408409140711e-01
3.139856726565120937e+00 1.858869666395760734e-01 8.482320471692572639e+00 8.668207438332148129e+00 9.378313506680849843e-01
3.152047563025263344e+00 1.872063293035146347e-01 8.482442464973360075e+00 8.669648794276874071e+00 9.387229687978023707e-01
3.164285731729001405e+00 1.885368289042696766e-01 8.482563572058777979e+00 8.671100400963046795e+00 9.396177750175268573e-01
3.176571416449665008e+00 1.898785531636682233e-01 8.482683791888851133e+00 8.672562345052519106e+00 9.405157742224290462e-01
3.188904801674044887e+00 1.912315857660331908e-01 8.482803127998630899e+00 8.674034713764664062e+00 9.414169770925607805e-01
3.201286072605169952e+00 1.925960069661100393e-01 8.482921587953695663e+00 8.675517594919805120e+00 9.423213956062354013e-01
3.213715415165092182e+00 1.939718998809048245e-01 8.483039177082860149e+00 8.677011076963765390e+00 9.432290483854449681e-01
3.226193015997676827e+00 1.953593469379432679e-01 8.483155902039312579e+00 8.678515248977255681e+00 9.441399413595347179e-01
3.238719062471416610e+00 1.967584314387921252e-01 8.483271769245890326e+00 8.680030200684681674e+00 9.450540870404464666e-01
3.251293742682242360e+00 1.981692371541114994e-01 8.483386785300144339e+00 8.681556022454255839e+00 9.459714980203367540e-01
3.263917245456353644e+00 1.995918487396343977e-01 8.483500956570088292e+00 8.683092805309723161e+00 9.468921868851438717e-01
3.276589760353053826e+00 2.010263514833560972e-01 8.483614289447606538e+00 8.684640640930963329e+00 9.478161662539779098e-01
3.289311477667602901e+00 2.024728313896615450e-01 8.483726790272736906e+00 8.686199621662398229e+00 9.487434487625874269e-01
3.302082588434076538e+00 2.039313751462608071e-01 8.483838465371126958e+00 8.687769840517388431e+00 9.496740470692713876e-01
3.314903284428232677e+00 2.054020701728800913e-01 8.483949321011515110e+00 8.689351391184395368e+00 9.506079738452990480e-01
3.327773758170397667e+00 2.068850047396061098e-01 8.484059363292908884e+00 8.690944368032514689e+00 9.515452417781872230e-01
3.340694202928359058e+00 2.083802677692946359e-01 8.484168598345718237e+00 8.692548866115012984e+00 9.524858636152041536e-01
3.353664812720264621e+00 2.098879489270370213e-01 8.484277032251211992e+00 8.694164981178248652e+00 9.534298521055148967e-01
3.366685782317544007e+00 2.114081200716613207e-01 8.484384689543809088e+00 8.695792809615470631e+00 9.543772200221354307e-01
3.379757307247829079e+00 2.129408835998229943e-01 8.484491564828310572e+00 8.697432448428132901e+00 9.553280063336880845e-01
3.392879583797894671e+00 2.144863388750734290e-01 8.484597656592889336e+00 8.699083995467962183e+00 9.562822086645382802e-01
3.406052809016605565e+00 2.160445784984782180e-01 8.484702970809962608e+00 8.700747549308440298e+00 9.572398293679336145e-01
3.419277180717880338e+00 2.176156958839834121e-01 8.484807513357196740e+00 8.702423209241180402e+00 9.582008813149746063e-01
3.432552897483652998e+00 2.191997852385909606e-01 8.484911290046307286e+00 8.704111075284897581e+00 9.591653774117513409e-01
3.445880158666868809e+00 2.207969415501111754e-01 8.485014306640529469e+00 8.705811248190640228e+00 9.601333305828665399e-01
3.459259164394470343e+00 2.224072605875729858e-01 8.485116568861299058e+00 8.707523829448872377e+00 9.611047537762784643e-01
3.472690115570405744e+00 2.240304476235963071e-01 8.485218436939318210e+00 8.709248884562914128e+00 9.621870479982754798e-01
