5.000000000000004441e-03 1.141193452986337875e-03 2.558192197510931187e+00 2.559333390963917321e+00 1.002217322502297225e+00
2.584982396438548213e-01 2.363314274374405777e+00 2.562068635607814837e+00 4.925382909982220170e+00 1.067237500898597480e+00
3.769156487185085780e-01 4.624805661220948494e+00 2.577152478746167930e+00 7.201958139967116423e+00 1.084850298596450102e+00
4.325020072969774088e-01 5.877990400612882915e+00 2.596099277885449030e+00 8.474089678498332390e+00 1.094681116718117853e+00
4.588638717452746540e-01 6.506415136338266514e+00 2.612566678391578190e+00 9.118981814729844260e+00 1.099932489149576975e+00
4.716331333356266198e-01 6.816134378518828640e+00 2.624322553684876436e+00 9.440456932203705520e+00 1.102656683425410122e+00
4.780808750494256465e-01 6.973043266195810830e+00 2.631906333339904425e+00 9.604949599535714810e+00 1.104088852254627717e+00
4.815891997466452135e-01 7.058359929622892714e+00 2.636685561852544435e+00 9.695045491475436705e+00 1.104886910455661786e+00
4.837312743756377320e-01 7.110358799134337993e+00 2.639897568230435532e+00 9.750256367364773524e+00 1.105381828510369813e+00
4.852388501350952676e-01 7.146901513997755195e+00 2.642301982570867569e+00 9.789203496568623208e+00 1.105733696667045907e+00
4.864522987085675987e-01 7.176234010182060530e+00 2.644371432929601529e+00 9.820605443111661614e+00 1.106019808243511759e+00
4.875299439356214903e-01 7.202264947184647603e+00 2.646267612096428579e+00 9.848532559281075294e+00 1.106275468532007089e+00
4.885454311905504388e-01 7.226746088496511788e+00 2.648136526495465937e+00 9.874882614991978613e+00 1.106518125219383863e+00
4.895330181683262838e-01 7.250476493959363111e+00 2.650063238221981532e+00 9.900539732181345087e+00 1.106756386280972393e+00
4.905086416236456026e-01 7.273901641426558484e+00 2.652014180350779959e+00 9.925915821777337555e+00 1.106992967802315375e+00
4.914797164389961281e-01 7.297139782524902252e+00 2.654062917609533834e+00 9.951202700134436085e+00 1.107230612883229215e+00
4.924496936027473737e-01 7.320251163675645323e+00 2.656238384979166867e+00 9.976489548654811301e+00 1.107470403971140049e+00
4.934201803254913421e-01 7.343327099818247383e+00 2.658490734412904288e+00 1.000181783423115078e+01 1.107712011303554123e+00
4.943919261995241010e-01 7.366317516420817668e+00 2.660889327009089644e+00 1.002720684342990687e+01 1.107956706406562963e+00
4.953652819050574641e-01 7.389219890890033504e+00 2.663445396926432007e+00 1.005266528781646507e+01 1.108204763597317788e+00
4.963404125746851414e-01 7.412066525783415294e+00 2.666130661593344442e+00 1.007819718737675885e+01 1.108455835470606221e+00
4.973173970386003950e-01 7.434751165733533895e+00 2.669052964938520400e+00 1.010380413067205474e+01 1.108711492450660474e+00
4.982962739879248648e-01 7.457317516034938976e+00 2.672168966278242852e+00 1.012948648231318138e+01 1.108971254428454900e+00
4.992770634473134295e-01 7.479680450739260245e+00 2.675563722842927206e+00 1.015524417358218656e+01 1.109236593418891914e+00
5.002597767628165215e-01 7.501845888380191063e+00 2.679230762887055306e+00 1.018107665126724726e+01 1.109507588042967896e+00
5.012444212476824257e-01 7.523695971534019478e+00 2.683287234326239279e+00 1.020698320586025787e+01 1.109786151258495446e+00
5.022310023433320669e-01 7.545162750035675714e+00 2.687799782654178848e+00 1.023296253268985367e+01 1.110073753295488963e+00
5.032195246245317888e-01 7.566106487023911420e+00 2.692906650326449824e+00 1.025901313735036169e+01 1.110373242416070161e+00
5.042099922669516232e-01 7.586410890203294066e+00 2.698722204303756644e+00 1.028513309450705115e+01 1.110687322224303442e+00
5.052024092646545395e-01 7.605632686127774100e+00 2.705686545245931995e+00 1.031131923137370521e+01 1.111024930164629776e+00
5.061967795312682927e-01 7.623444857810428132e+00 2.714122491730063480e+00 1.033756734954049250e+01 1.111395026780257478e+00
5.071931069470535514e-01 7.638552709028306964e+00 2.725317537924853539e+00 1.036387024695316050e+01 1.111827260879451496e+00
5.081913953808043782e-01 7.648660478236410931e+00 2.741554608945117710e+00 1.039021508718152909e+01 1.112384235129831644e+00
5.091916487000439639e-01 7.645349493047540967e+00 2.771221373182798153e+00 1.041657086623033912e+01 1.113310269730261703e+00
5.101938707757742719e-01 7.570732236595806519e+00 2.872078683134656973e+00 1.044281091973046394e+01 1.116524369212340995e+00
5.111980654846938199e-01 7.009113981799789173e+00 3.458343822629403430e+00 1.046745780442919305e+01 1.138031113863176680e+00
0.000000000000000000e+00 0.000000000000000000e+00 0.000000000000000000e+00 0.000000000000000000e+00 0.000000000000000000e+00
0.000000000000000000e+00 0.000000000000000000e+00 0.000000000000000000e+00 0.000000000000000000e+00 0.000000000000000000e+00
0.000000000000000000e+00 0.000000000000000000e+00 0.000000000000000000e+00 0.000000000000000000e+00 0.000000000000000000e+00
0.000000000000000000e+00 0.000000000000000000e+00 0.000000000000000000e+00 0.000000000000000000e+00 0.000000000000000000e+00
0.000000000000000000e+00 0.000000000000000000e+00 0.000000000000000000e+00 0.000000000000000000e+00 0.000000000000000000e+00
0.000000000000000000e+00 0.000000000000000000e+00 0.000000000000000000e+00 0.000000000000000000e+00 0.000000000000000000e+00
0.000000000000000000e+00 0.000000000000000000e+00 0.000000000000000000e+00 0.000000000000000000e+00 0.000000000000000000e+00
0.000000000000000000e+00 0.000000000000000000e+00 0.000000000000000000e+00 0.000000000000000000e+00 0.000000000000000000e+00
0.000000000000000000e+00 0.000000000000000000e+00 0.000000000000000000e+00 0.000000000000000000e+00 0.000000000000000000e+00
0.000000000000000000e+00 0.000000000000000000e+00 0.000000000000000000e+00 0.000000000000000000e+00 0.000000000000000000e+00
0.000000000000000000e+00 0.000000000000000000e+00 0.000000000000000000e+00 0.000000000000000000e+00 0.000000000000000000e+00
0.000000000000000000e+00 0.000000000000000000e+00 0.000000000000000000e+00 0.000000000000000000e+00 0.000000000000000000e+00
0.000000000000000000e+00 0.000000000000000000e+00 0.000000000000000000e+00 0.000000000000000000e+00 0.000000000000000000e+00
0.000000000000000000e+00 0.000000000000000000e+00 0.000000000000000000e+00 0.000000000000000000e+00 0.000000000000000000e+00
