0.000000000000000000e+00 0.000000000000000000e+00 0.000000000000000000e+00 0.000000000000000000e+00 1.000000000000000000e+00
1.000000000000000000e+00 2.631578947368420907e-02 0.000000000000000000e+00 0.000000000000000000e+00 1.000000000000000000e+00
2.000000000000000000e+00 5.263157894736841813e-02 -7.448189989809135721e-04 7.048589051208129820e-04 9.998916708505072304e-01
3.000000000000000000e+00 7.894736842105262720e-02 -3.054672202003418362e-03 2.735234166106017412e-03 9.995136820764609631e-01
4.000000000000000000e+00 1.052631578947368363e-01 -7.035524482026758383e-03 5.958785276978539359e-03 9.987946930674458379e-01
5.000000000000000000e+00 1.315789473684210453e-01 -1.278340571468105681e-02 1.023565651756901985e-02 9.976742323362495224e-01
6.000000000000000000e+00 1.578947368421052544e-01 -2.038391214053189224e-02 1.541917533911746525e-02 9.961027455322776225e-01
7.000000000000000000e+00 1.842105263157894635e-01 -2.991175480295121120e-02 2.135658243989356150e-02 9.940418672767137309e-01
8.000000000000000000e+00 2.105263157894736725e-01 -4.143035701488468475e-02 2.788979044919028677e-02 9.914650746554178884e-01
9.000000000000000000e+00 2.368421052631578816e-01 -5.499150261040275378e-02 3.485616802041908296e-02 9.883588411593285938e-01
1.000000000000000000e+01 2.631578947368420907e-01 -7.063503653256920922e-02 4.208934602884295550e-02 9.847243395941983612e-01
1.100000000000000000e+01 2.894736842105263275e-01 -8.838861909862510968e-02 4.942004247713226162e-02 9.805796302529344866e-01
1.200000000000000000e+01 3.157894736842105088e-01 -1.082675350675688652e-01 5.667690263277142676e-02 9.759621022824088721e-01
1.300000000000000000e+01 3.421052631578946901e-01 -1.302745584147274593e-01 6.368735085569396381e-02 9.709307021304666163e-01
1.400000000000000000e+01 3.684210526315789269e-01 -1.543998734936959660e-01 7.027845052263421988e-02 9.655671962586970247e-01
1.500000000000000000e+01 3.947368421052631637e-01 -1.806210530389160129e-01 7.627776841676647823e-02 9.599754501450834532e-01
1.600000000000000000e+01 4.210526315789473450e-01 -2.089030932330376289e-01 8.151423992740916558e-02 9.542776151044952693e-01
1.700000000000000000e+01 4.473684210526315264e-01 -2.391985058329163527e-01 8.581903139500829392e-02 9.486065055422278069e-01
1.800000000000000000e+01 4.736842105263157632e-01 -2.714474671175258758e-01 8.902639594133274215e-02 9.430945476584952081e-01
1.900000000000000000e+01 5.000000000000000000e-01 -3.055780231910766864e-01 9.097451914380534632e-02 9.378614663023535636e-01
