0.000000000000000000e+00 0.000000000000000000e+00 2.493689115800128864e+00
1.600000000000000266e-05 1.000000000000000000e+00 2.493689115537909728e+00
3.200000000000000533e-05 2.000000000000000000e+00 2.482030552180972904e+00
5.760000000000001095e-05 3.000000000000000000e+00 2.472697258247239738e+00
9.856000000000003213e-05 4.000000000000000000e+00 2.465080735794391575e+00
1.640960000000000769e-04 5.000000000000000000e+00 2.465080381093499806e+00
2.689536000000001485e-04 6.000000000000000000e+00 2.465079813587410129e+00
4.367257600000002196e-04 7.000000000000000000e+00 2.465078905619696670e+00
7.051612160000003768e-04 8.000000000000000000e+00 2.465077452978441386e+00
1.134657945600000715e-03 9.000000000000000000e+00 2.465075129026505607e+00
1.821852712960001256e-03 1.000000000000000000e+01 2.465071411404826218e+00
2.921364340736001992e-03 1.100000000000000000e+01 2.465065465004784961e+00
4.680582945177603690e-03 1.200000000000000000e+01 2.465055955355066608e+00
7.495332712284166060e-03 1.300000000000000000e+01 2.465040751650605877e+00
1.199893233965466585e-02 1.400000000000000000e+01 2.465016455698603615e+00
1.920469174344746621e-02 1.500000000000000000e+01 2.464977658638049629e+00
3.073390678951595095e-02 1.600000000000000000e+01 2.464915777959063803e+00
4.918065086322552515e-02 1.700000000000000000e+01 2.464817262455282432e+00
7.869544138116084386e-02 1.800000000000000000e+01 2.464660882127088559e+00
1.259191062098573566e-01 1.900000000000000000e+01 2.464413781260583747e+00
2.014769699357717991e-01 2.000000000000000000e+01 2.464026059468119811e+00
3.223695518972348739e-01 2.100000000000000000e+01 2.463424020855398133e+00
5.157976830355758269e-01 2.200000000000000000e+01 2.462503009363545825e+00
8.252826928569213516e-01 2.300000000000000000e+01 2.461121484392273295e+00
1.320458708571074169e+00 2.400000000000000000e+01 2.459096935197929934e+00
2.112740333713718943e+00 2.500000000000000000e+01 2.456199946414668212e+00
3.380390933941950671e+00 2.600000000000000000e+01 2.452139849761014290e+00
5.408631894307120547e+00 2.700000000000000000e+01 2.446538797381891506e+00
8.653817430891393769e+00 2.800000000000000000e+01 2.438896959983025248e+00
1.384611428942623057e+01 2.900000000000000000e+01 2.428570662571555516e+00
2.215378926308196839e+01 3.000000000000000000e+01 2.414794098834689873e+00
3.544606922093115031e+01 3.100000000000000000e+01 2.396746719836824191e+00
5.671371715348984566e+01 3.200000000000000000e+01 2.373653756962657901e+00
9.074195384558376531e+01 3.300000000000000000e+01 2.344924438183751736e+00
1.451871325529340311e+02 3.400000000000000000e+01 2.310437231075801012e+00
2.322994184846944563e+02 3.500000000000000000e+01 2.271276772610409722e+00
3.716790759755111822e+02 3.600000000000000000e+01 2.231295988539728548e+00
5.946865279608178980e+02 3.700000000000000000e+01 2.198047028235875278e+00
9.514984511373086207e+02 3.800000000000000000e+01 2.177935449443866300e+00
1.522397528219693868e+03 3.900000000000000000e+01 2.169672771217311613e+00
2.435836051551510536e+03 4.000000000000000000e+01 2.167419862824451648e+00
3.897337688882416842e+03 4.100000000000000000e+01 2.167016292123175258e+00
6.235740308611866567e+03 4.200000000000000000e+01 2.166969343040530127e+00
9.977184500178987946e+03 4.300000000000000000e+01 2.166965837253069793e+00
1.596349520668638070e+04 4.400000000000000000e+01 2.166965670755065076e+00
2.554159233709820910e+04 4.500000000000000000e+01 2.166965665757506709e+00
4.086654774575713964e+04 4.600000000000000000e+01 2.166965665663091123e+00
6.538647639961141977e+04 4.700000000000000000e+01 2.166965665661968465e+00
1.046183622457782767e+05 4.800000000000000000e+01 2.166965665661958251e+00
1.673893795996452682e+05 4.900000000000000000e+01 2.166965665661958251e+00
2.678230073658324545e+05 5.000000000000000000e+01 2.166965665661958251e+00
4.285168117917319760e+05 5.100000000000000000e+01 2.166965665661958251e+00
6.856268988731711870e+05 5.200000000000000000e+01 2.166965665661958251e+00
1.097003038203473901e+06 5.300000000000000000e+01 2.166965665661958251e+00
1.755204861131958431e+06 5.400000000000000000e+01 2.166965665661958251e+00
2.808327777817533817e+06 5.500000000000000000e+01 2.166965665661958251e+00
4.493324444514454342e+06 5.600000000000000000e+01 2.166965665661958251e+00
7.189319111229527742e+06 5.700000000000000000e+01 2.166965665661961360e+00
1.150291057797364518e+07 5.800000000000000000e+01 2.166965665661961360e+00
1.840465692476423457e+07 5.900000000000000000e+01 2.166965665661961360e+00
2.944745107962917536e+07 6.000000000000000000e+01 2.166965665661961360e+00
4.711592172741308808e+07 6.100000000000000000e+01 2.166965665661961360e+00
7.538547476386734843e+07 6.200000000000000000e+01 2.166965665661961360e+00
1.206167596221941710e+08 6.300000000000000000e+01 2.166965665661961360e+00
1.929868153955170810e+08 6.400000000000000000e+01 2.166965665661961360e+00
3.087789046328337193e+08 6.500000000000000000e+01 2.166965665661961360e+00
4.940462474125404358e+08 6.600000000000000000e+01 2.166965665661961360e+00
7.904739958600711823e+08 6.700000000000000000e+01 2.166965665661961360e+00
1.264758393376120329e+09 6.800000000000000000e+01 2.166965665661961360e+00
2.023613429401798964e+09 6.900000000000000000e+01 2.166965665661961360e+00
3.237781487042884827e+09 7.000000000000000000e+01 2.166965665661961360e+00
5.180450379268622398e+09 7.100000000000000000e+01 2.166965665661961360e+00
8.288720606829802513e+09 7.200000000000000000e+01 2.166965665661959584e+00
1.326195297092769051e+10 7.300000000000000000e+01 2.166965665661959584e+00
2.121912475348431396e+10 7.400000000000000000e+01 2.166965665661959584e+00
3.395059960557490921e+10 7.500000000000000000e+01 2.166965665661959584e+00
5.432095936891986084e+10 7.600000000000000000e+01 2.166965665661959584e+00
8.691353499027178955e+10 7.700000000000000000e+01 2.166965665661959584e+00
1.390616559844348755e+11 7.800000000000000000e+01 2.166965665661959584e+00
2.224986495750958252e+11 7.900000000000000000e+01 2.166965665661959584e+00
3.559978393201533203e+11 8.000000000000000000e+01 2.166965665661959584e+00
5.695965429122453613e+11 8.100000000000000000e+01 2.166965665661959584e+00
9.113544686595926514e+11 8.200000000000000000e+01 2.166965665661959584e+00
