0.000000000000000000e+00 0.000000000000000000e+00 6.206859574908916738e-18 6.206859574908915197e-18 1.029622425080082948e+00
1.000000000000000000e+00 2.631578947368420907e-02 6.206859574908916738e-18 6.206859574908915197e-18 1.029622425080082948e+00
2.000000000000000000e+00 5.263157894736841813e-02 -7.448189989809072837e-04 7.048589051208190535e-04 1.029579311195956803e+00
3.000000000000000000e+00 7.894736842105262720e-02 -3.054672202003411857e-03 2.735234166106023483e-03 1.029287378364306171e+00
4.000000000000000000e+00 1.052631578947368363e-01 -7.035524482026751444e-03 5.958785276978544564e-03 1.028524839272795921e+00
5.000000000000000000e+00 1.315789473684210453e-01 -1.278340571468104814e-02 1.023565651756902506e-02 1.027098602352678025e+00
6.000000000000000000e+00 1.578947368421052544e-01 -2.038391214053188877e-02 1.541917533911747046e-02 1.024842642297092432e+00
7.000000000000000000e+00 1.842105263157894635e-01 -2.991175480295120426e-02 2.135658243989356497e-02 1.021615906539972141e+00
8.000000000000000000e+00 2.105263157894736725e-01 -4.143035701488468475e-02 2.788979044919029024e-02 1.017300078922740880e+00
9.000000000000000000e+00 2.368421052631578816e-01 -5.499150261040274684e-02 3.485616802041908296e-02 1.011797458309067421e+00
1.000000000000000000e+01 2.631578947368420907e-01 -7.063503653256919534e-02 4.208934602884296244e-02 1.005029175938910946e+00
1.100000000000000000e+01 2.894736842105263275e-01 -8.838861909862510968e-02 4.942004247713226162e-02 9.969339773411055594e-01
1.200000000000000000e+01 3.157894736842105088e-01 -1.082675350675688375e-01 5.667690263277142676e-02 9.874678343961216243e-01
1.300000000000000000e+01 3.421052631578946901e-01 -1.302745584147274593e-01 6.368735085569396381e-02 9.766047254280444401e-01
1.400000000000000000e+01 3.684210526315789269e-01 -1.543998734936959383e-01 7.027845052263421988e-02 9.643390080991873781e-01
1.500000000000000000e+01 3.947368421052631637e-01 -1.806210530389159852e-01 7.627776841676646435e-02 9.506898717369425267e-01
1.600000000000000000e+01 4.210526315789473450e-01 -2.089030932330376011e-01 8.151423992740916558e-02 9.357083219863615575e-01
1.700000000000000000e+01 4.473684210526315264e-01 -2.391985058329163250e-01 8.581903139500829392e-02 9.194869202330816504e-01
1.800000000000000000e+01 4.736842105263157632e-01 -2.714474671175258202e-01 8.902639594133274215e-02 9.021719690534416580e-01
1.900000000000000000e+01 5.000000000000000000e-01 -3.055780231910766309e-01 9.097451914380534632e-02 8.839769694253466481e-01
