0.000000000000000000e+00 0.000000000000000000e+00 1.380747732841716417e-17 1.530945574322388639e-18 1.051088469933896263e+00
1.000000000000000000e+00 2.631578947368420907e-02 1.380747732841716417e-17 1.530945574322388639e-18 1.051088469933896263e+00
2.000000000000000000e+00 5.263157894736841813e-02 -7.448189989808996943e-04 7.048589051208144999e-04 1.050845279379886144e+00
3.000000000000000000e+00 7.894736842105262720e-02 -3.054672202003404485e-03 2.735234166106019146e-03 1.049928656529166116e+00
4.000000000000000000e+00 1.052631578947368363e-01 -7.035524482026744506e-03 5.958785276978541094e-03 1.048090820557468383e+00
5.000000000000000000e+00 1.315789473684210453e-01 -1.278340571468104293e-02 1.023565651756902159e-02 1.045130443563792033e+00
6.000000000000000000e+00 1.578947368421052544e-01 -2.038391214053188183e-02 1.541917533911746699e-02 1.040895572195523533e+00
7.000000000000000000e+00 1.842105263157894635e-01 -2.991175480295119732e-02 2.135658243989356497e-02 1.035286116435004011e+00
8.000000000000000000e+00 2.105263157894736725e-01 -4.143035701488467781e-02 2.788979044919029024e-02 1.028256081239627973e+00
9.000000000000000000e+00 2.368421052631578816e-01 -5.499150261040273990e-02 3.485616802041908296e-02 1.019815656562216066e+00
1.000000000000000000e+01 2.631578947368420907e-01 -7.063503653256920922e-02 4.208934602884296244e-02 1.010033171127029172e+00
1.100000000000000000e+01 2.894736842105263275e-01 -8.838861909862510968e-02 4.942004247713226162e-02 9.990367569723235253e-01
1.200000000000000000e+01 3.157894736842105088e-01 -1.082675350675688514e-01 5.667690263277142676e-02 9.870153667084184956e-01
1.300000000000000000e+01 3.421052631578946901e-01 -1.302745584147274593e-01 6.368735085569396381e-02 9.742185335414653702e-01
1.400000000000000000e+01 3.684210526315789269e-01 -1.543998734936959660e-01 7.027845052263423375e-02 9.609539741263799506e-01
1.500000000000000000e+01 3.947368421052631637e-01 -1.806210530389159852e-01 7.627776841676647823e-02 9.475818433244427297e-01
1.600000000000000000e+01 4.210526315789473450e-01 -2.089030932330376011e-01 8.151423992740916558e-02 9.345042539897620015e-01
1.700000000000000000e+01 4.473684210526315264e-01 -2.391985058329163527e-01 8.581903139500829392e-02 9.221487591724139010e-01
1.800000000000000000e+01 4.736842105263157632e-01 -2.714474671175258202e-01 8.902639594133274215e-02 9.109451235763462718e-01
1.900000000000000000e+01 5.000000000000000000e-01 -3.055780231910766864e-01 9.097451914380534632e-02 9.012961141947842814e-01
