0.000000000000000000e+00 0.000000000000000000e+00 1.571292882028668699e-18 2.556308738341792911e-19 1.010579687730512211e+00
1.000000000000000000e+00 2.631578947368420907e-02 1.571292879398897257e-18 2.556308764291715203e-19 1.010579687733529575e+00
2.000000000000000000e+00 5.263157894736841813e-02 -7.448189989809119458e-04 7.048589051208131988e-04 1.010468499344659321e+00
3.000000000000000000e+00 7.894736842105262720e-02 -3.054672202003416628e-03 2.735234166106017845e-03 1.010081481185455266e+00
4.000000000000000000e+00 1.052631578947368363e-01 -7.035524482026756649e-03 5.958785276978540227e-03 1.009347146405186191e+00
5.000000000000000000e+00 1.315789473684210453e-01 -1.278340571468105508e-02 1.023565651756901985e-02 1.008205885049372252e+00
6.000000000000000000e+00 1.578947368421052544e-01 -2.038391214053189224e-02 1.541917533911746525e-02 1.006610391239416646e+00
7.000000000000000000e+00 1.842105263157894635e-01 -2.991175480295120773e-02 2.135658243989356150e-02 1.004526283832509748e+00
8.000000000000000000e+00 2.105263157894736725e-01 -4.143035701488468475e-02 2.788979044919028677e-02 1.001933043280149871e+00
9.000000000000000000e+00 2.368421052631578816e-01 -5.499150261040274684e-02 3.485616802041908296e-02 9.988253523473119566e-01
1.000000000000000000e+01 2.631578947368420907e-01 -7.063503653256920922e-02 4.208934602884296244e-02 9.952148581608685207e-01
1.100000000000000000e+01 2.894736842105263275e-01 -8.838861909862510968e-02 4.942004247713226162e-02 9.911322597619232067e-01
1.200000000000000000e+01 3.157894736842105088e-01 -1.082675350675688652e-01 5.667690263277142676e-02 9.866294584898259723e-01
1.300000000000000000e+01 3.421052631578946901e-01 -1.302745584147274593e-01 6.368735085569396381e-02 9.817812823005246381e-01
1.400000000000000000e+01 3.684210526315789269e-01 -1.543998734936959660e-01 7.027845052263423375e-02 9.766860242850201601e-01
1.500000000000000000e+01 3.947368421052631637e-01 -1.806210530389160129e-01 7.627776841676647823e-02 9.714637929577059072e-01
1.600000000000000000e+01 4.210526315789473450e-01 -2.089030932330376289e-01 8.151423992740916558e-02 9.662515940260059111e-01
1.700000000000000000e+01 4.473684210526315264e-01 -2.391985058329163527e-01 8.581903139500829392e-02 9.611944471949416258e-01
1.800000000000000000e+01 4.736842105263157632e-01 -2.714474671175258758e-01 8.902639594133274215e-02 9.564328746371584256e-01
1.900000000000000000e+01 5.000000000000000000e-01 -3.055780231910766864e-01 9.097451914380534632e-02 9.520887775988753354e-01
