-5.000000000000000000e-01 5.000000000000000000e-01 0.000000000000000000e+00
-5.000000000000000000e-01 4.499999999999999556e-01 0.000000000000000000e+00
-4.500000000000000111e-01 5.000000000000000000e-01 -5.908642606821980225e-02
-5.000000000000000000e-01 4.000000000000000222e-01 0.000000000000000000e+00
-4.500000000000000111e-01 4.499999999999999556e-01 -3.325786911944553226e-02
-4.000000000000000222e-01 5.000000000000000000e-01 -9.242736542381030374e-02
-5.000000000000000000e-01 3.499999999999999778e-01 0.000000000000000000e+00
-4.500000000000000111e-01 4.000000000000000222e-01 -1.808199484178462171e-02
-4.000000000000000222e-01 4.499999999999999556e-01 -5.586305564967592591e-02
-3.499999999999999778e-01 5.000000000000000000e-01 -1.084401578148201234e-01
-5.000000000000000000e-01 3.000000000000000444e-01 0.000000000000000000e+00
-4.500000000000000111e-01 3.499999999999999778e-01 -8.156058235687560498e-03
-4.000000000000000222e-01 4.000000000000000222e-01 -3.091405264798019817e-02
-3.499999999999999778e-01 4.499999999999999556e-01 -6.685293604344255680e-02
-2.999999999999999889e-01 5.000000000000000000e-01 -1.097406253930684472e-01
-5.000000000000000000e-01 2.500000000000000000e-01 0.000000000000000000e+00
-4.500000000000000111e-01 3.000000000000000444e-01 -1.199630031443084388e-03
-4.000000000000000222e-01 3.499999999999999778e-01 -1.334261198679057014e-02
-3.499999999999999778e-01 4.000000000000000222e-01 -3.636855299912770956e-02
-2.999999999999999889e-01 4.499999999999999556e-01 -6.673998162741451301e-02
-2.500000000000000000e-01 5.000000000000000000e-01 -9.781173745901783345e-02
-5.000000000000000000e-01 1.999999999999999556e-01 0.000000000000000000e+00
-4.500000000000000111e-01 2.500000000000000000e-01 3.891607938966319680e-03
-4.000000000000000222e-01 3.000000000000000444e-01 -5.340889626179083985e-04
-3.499999999999999778e-01 3.499999999999999778e-01 -1.376627787959353207e-02
-2.999999999999999889e-01 4.000000000000000222e-01 -3.394097520421131969e-02
-2.500000000000000000e-01 4.499999999999999556e-01 -5.642540900250270219e-02
-2.000000000000000111e-01 5.000000000000000000e-01 -7.425067646172883729e-02
-5.000000000000000000e-01 1.500000000000000222e-01 0.000000000000000000e+00
-4.500000000000000111e-01 1.999999999999999556e-01 7.696220836105019565e-03
-4.000000000000000222e-01 2.500000000000000000e-01 9.069766860892388566e-03
-3.499999999999999778e-01 3.000000000000000444e-01 3.335975297869704734e-03
-2.999999999999999889e-01 3.499999999999999778e-01 -8.690101483067803195e-03
-2.500000000000000000e-01 4.000000000000000222e-01 -2.396540871623514812e-02
-2.000000000000000111e-01 4.499999999999999556e-01 -3.718458229765440881e-02
-1.500000000000000222e-01 5.000000000000000000e-01 -4.111244018132175632e-02
-5.000000000000000000e-01 9.999999999999997780e-02 0.000000000000000000e+00
-4.500000000000000111e-01 1.500000000000000222e-01 1.051760655950359502e-02
-4.000000000000000222e-01 1.999999999999999556e-01 1.637544144078771288e-02
-3.499999999999999778e-01 2.500000000000000000e-01 1.654555461631628671e-02
-2.999999999999999889e-01 3.000000000000000444e-01 1.109785325436412132e-02
-2.500000000000000000e-01 3.499999999999999778e-01 1.848133734159576082e-03
-2.000000000000000111e-01 4.000000000000000222e-01 -7.343936802503209411e-03
-1.500000000000000222e-01 4.499999999999999556e-01 -1.071853432904545239e-02
-9.999999999999997780e-02 5.000000000000000000e-01 -9.527954383314052311e-04
-5.000000000000000000e-01 5.000000000000004441e-02 0.000000000000000000e+00
-4.500000000000000111e-01 9.999999999999997780e-02 1.249965403359414029e-02
-4.000000000000000222e-01 1.500000000000000222e-01 2.187399814797826372e-02
-3.499999999999999778e-01 1.999999999999999556e-01 2.686009943176728351e-02
-2.999999999999999889e-01 2.500000000000000000e-01 2.691310883379768870e-02
-2.500000000000000000e-01 3.000000000000000444e-01 2.282835229744398925e-02
-2.000000000000000111e-01 3.499999999999999778e-01 1.721642479755914820e-02
-1.500000000000000222e-01 4.000000000000000222e-01 1.455613851990972957e-02
-9.999999999999997780e-02 4.499999999999999556e-01 2.086619342254767903e-02
-4.999999999999998890e-02 5.000000000000000000e-01 4.326185652713013252e-02
-5.000000000000000000e-01 0.000000000000000000e+00 0.000000000000000000e+00
-4.500000000000000111e-01 5.000000000000004441e-02 1.369406812435954544e-02
-4.000000000000000222e-01 9.999999999999997780e-02 2.578587458381714423e-02
-3.499999999999999778e-01 1.500000000000000222e-01 3.481301615745941574e-02
-2.999999999999999889e-01 1.999999999999999556e-01 3.969653468426120185e-02
-2.500000000000000000e-01 2.500000000000000000e-01 4.029714668395732724e-02
-2.000000000000000111e-01 3.000000000000000444e-01 3.805492942100315718e-02
-1.500000000000000222e-01 3.499999999999999778e-01 3.629672200933255211e-02
-9.999999999999997780e-02 4.000000000000000222e-01 3.998624935150987131e-02
-4.999999999999998890e-02 4.499999999999999556e-01 5.514878723936134791e-02
0.000000000000000000e+00 5.000000000000000000e-01 8.831405230022645880e-02
-5.000000000000000000e-01 -4.999999999999998890e-02 0.000000000000000000e+00
-4.500000000000000111e-01 0.000000000000000000e+00 1.410793705438743648e-02
-4.000000000000000222e-01 5.000000000000004441e-02 2.816705007686101658e-02
-3.499999999999999778e-01 9.999999999999997780e-02 4.059504112503106721e-02
-2.999999999999999889e-01 1.500000000000000222e-01 4.989937123555687748e-02
-2.500000000000000000e-01 1.999999999999999556e-01 5.506772968561254172e-02
-2.000000000000000111e-01 2.500000000000000000e-01 5.632219127646821699e-02
-1.500000000000000222e-01 3.000000000000000444e-01 5.580691976223087214e-02
-9.999999999999997780e-02 3.499999999999999778e-01 5.758385026812625623e-02
-4.999999999999998890e-02 4.000000000000000222e-01 6.693106024365173823e-02
0.000000000000000000e+00 4.499999999999999556e-01 8.953440743152027426e-02
5.000000000000004441e-02 5.000000000000000000e-01 1.309251632627450312e-01
-5.000000000000000000e-01 -9.999999999999997780e-02 0.000000000000000000e+00
-4.500000000000000111e-01 -4.999999999999998890e-02 1.373649799213011620e-02
-4.000000000000000222e-01 0.000000000000000000e+00 2.899920370614952891e-02
-3.499999999999999778e-01 5.000000000000004441e-02 4.417728752490380356e-02
-2.999999999999999889e-01 9.999999999999997780e-02 5.755930845405764218e-02
-2.500000000000000000e-01 1.500000000000000222e-01 6.742002529000444555e-02
-2.000000000000000111e-01 1.999999999999999556e-01 7.268795406181421948e-02
-1.500000000000000222e-01 2.500000000000000000e-01 7.407947691668512191e-02
-9.999999999999997780e-02 3.000000000000000444e-01 7.468795034545792910e-02
-4.999999999999998890e-02 3.499999999999999778e-01 7.931980158631839195e-02
0.000000000000000000e+00 4.000000000000000222e-01 9.325763642920327501e-02
5.000000000000004441e-02 4.499999999999999556e-01 1.214151753623794600e-01
9.999999999999997780e-02 5.000000000000000000e-01 1.679441747910964400e-01
-5.000000000000000000e-01 -1.500000000000000222e-01 0.000000000000000000e+00
-4.500000000000000111e-01 -9.999999999999997780e-02 1.257649328690715537e-02
-4.000000000000000222e-01 -4.999999999999998890e-02 2.825965836143212381e-02
-3.499999999999999778e-01 0.000000000000000000e+00 4.544800634591718291e-02
-2.999999999999999889e-01 5.000000000000004441e-02 6.243182316480708205e-02
-2.500000000000000000e-01 9.999999999999997780e-02 7.710681398671274944e-02
-2.000000000000000111e-01 1.500000000000000222e-01 8.720873250048130632e-02
-1.500000000000000222e-01 1.999999999999999556e-01 9.165693652821532700e-02
-9.999999999999997780e-02 2.500000000000000000e-01 9.213440634817170183e-02
-4.999999999999998890e-02 3.000000000000000444e-01 9.302244069918004510e-02
0.000000000000000000e+00 3.499999999999999778e-01 9.967462574731671132e-02
5.000000000000004441e-02 4.000000000000000222e-01 1.168762893083240134e-01
9.999999999999997780e-02 4.499999999999999556e-01 1.483229381811345671e-01
1.500000000000000222e-01 5.000000000000000000e-01 1.965121953157068502e-01
-5.000000000000000000e-01 -2.000000000000000111e-01 0.000000000000000000e+00
-4.500000000000000111e-01 -1.500000000000000222e-01 1.061610647451670733e-02
-4.000000000000000222e-01 -9.999999999999997780e-02 2.595191627872828893e-02
-3.499999999999999778e-01 -4.999999999999998890e-02 4.433748879587938452e-02
-2.999999999999999889e-01 0.000000000000000000e+00 6.419777449441597950e-02
-2.500000000000000000e-01 5.000000000000004441e-02 8.348831776048677711e-02
-2.000000000000000111e-01 9.999999999999997780e-02 9.921898660888334165e-02
-1.500000000000000222e-01 1.500000000000000222e-01 1.083532312731321362e-01
-9.999999999999997780e-02 1.999999999999999556e-01 1.103523510931387341e-01
-4.999999999999998890e-02 2.500000000000000000e-01 1.086772292039860505e-01
0.000000000000000000e+00 3.000000000000000444e-01 1.091001772355938843e-01
5.000000000000004441e-02 3.499999999999999778e-01 1.169406168758313908e-01
9.999999999999997780e-02 4.000000000000000222e-01 1.358782018930405344e-01
1.500000000000000222e-01 4.499999999999999556e-01 1.680527482757684654e-01
1.999999999999999556e-01 5.000000000000000000e-01 2.141896157465795203e-01
-5.000000000000000000e-01 -2.500000000000000000e-01 0.000000000000000000e+00
-4.500000000000000111e-01 -2.000000000000000111e-01 7.803359778735119087e-03
-4.000000000000000222e-01 -1.500000000000000222e-01 2.208369396113450331e-02
-3.499999999999999778e-01 -9.999999999999997780e-02 4.087756886708489995e-02
-2.999999999999999889e-01 -4.999999999999998890e-02 6.268866085691723877e-02
-2.500000000000000000e-01 0.000000000000000000e+00 8.586200266000028336e-02
-2.000000000000000111e-01 5.000000000000004441e-02 1.074575022795628831e-01
-1.500000000000000222e-01 9.999999999999997780e-02 1.229703682967605294e-01
-9.999999999999997780e-02 1.500000000000000222e-01 1.289138407623336147e-01
-4.999999999999998890e-02 1.999999999999999556e-01 1.265716913618184225e-01
0.000000000000000000e+00 2.500000000000000000e-01 1.218852494559099636e-01
5.000000000000004441e-02 3.000000000000000444e-01 1.214577880899467277e-01
9.999999999999997780e-02 3.499999999999999778e-01 1.296777036055718757e-01
1.500000000000000222e-01 4.000000000000000222e-01 1.486256258387771978e-01
1.999999999999999556e-01 4.499999999999999556e-01 1.787493548961651135e-01
2.500000000000000000e-01 5.000000000000000000e-01 2.190380692177159305e-01
-5.000000000000000000e-01 -2.999999999999999889e-01 0.000000000000000000e+00
-4.500000000000000111e-01 -2.500000000000000000e-01 3.997380282474704248e-03
-4.000000000000000222e-01 -2.000000000000000111e-01 1.659953094561743281e-02
-3.499999999999999778e-01 -1.500000000000000222e-01 3.516106025966769799e-02
-2.999999999999999889e-01 -9.999999999999997780e-02 5.800261161263707554e-02
-2.500000000000000000e-01 -4.999999999999998890e-02 8.387794092103935395e-02
-2.000000000000000111e-01 0.000000000000000000e+00 1.105988713797230738e-01
-1.500000000000000222e-01 5.000000000000004441e-02 1.333985298171160572e-01
-9.999999999999997780e-02 9.999999999999997780e-02 1.460363855797574550e-01
-4.999999999999998890e-02 1.500000000000000222e-01 1.460390551951529781e-01
0.000000000000000000e+00 1.999999999999999556e-01 1.380928264029535613e-01
5.000000000000004441e-02 2.500000000000000000e-01 1.303856588967702845e-01
9.999999999999997780e-02 3.000000000000000444e-01 1.290658717478941342e-01
1.500000000000000222e-01 3.499999999999999778e-01 1.367689253840944086e-01
1.999999999999999556e-01 4.000000000000000222e-01 1.537964659161972225e-01
2.500000000000000000e-01 4.499999999999999556e-01 1.789581682337836877e-01
3.000000000000000444e-01 5.000000000000000000e-01 2.096414491962833027e-01
-5.000000000000000000e-01 -3.499999999999999778e-01 0.000000000000000000e+00
-4.500000000000000111e-01 -2.999999999999999889e-01 -1.100996031077422022e-03
-4.000000000000000222e-01 -2.500000000000000000e-01 9.286997437079537454e-03
-3.499999999999999778e-01 -2.000000000000000111e-01 2.722113625289302244e-02
-2.999999999999999889e-01 -1.500000000000000222e-01 5.042771135270657235e-02
-2.500000000000000000e-01 -9.999999999999997780e-02 7.776380087351808523e-02
-2.000000000000000111e-01 -4.999999999999998890e-02 1.080003386031211376e-01
-1.500000000000000222e-01 0.000000000000000000e+00 1.374407543894856643e-01
-9.999999999999997780e-02 5.000000000000004441e-02 1.586452817090771295e-01
-4.999999999999998890e-02 9.999999999999997780e-02 1.647730672837847965e-01
0.000000000000000000e+00 1.500000000000000222e-01 1.568174087790972226e-01
5.000000000000004441e-02 1.999999999999999556e-01 1.434620684282660596e-01
9.999999999999997780e-02 2.500000000000000000e-01 1.335405689223576053e-01
1.500000000000000222e-01 3.000000000000000444e-01 1.313347218733788568e-01
1.999999999999999556e-01 3.499999999999999778e-01 1.374035196137978476e-01
2.500000000000000000e-01 4.000000000000000222e-01 1.504044269634211561e-01
3.000000000000000444e-01 4.499999999999999556e-01 1.676406619126711017e-01
3.499999999999999778e-01 5.000000000000000000e-01 1.850157475382796513e-01
-5.000000000000000000e-01 -4.000000000000000222e-01 0.000000000000000000e+00
-4.500000000000000111e-01 -3.499999999999999778e-01 -8.066470970556080880e-03
-4.000000000000000222e-01 -2.999999999999999889e-01 -3.349414235284780259e-04
-3.499999999999999778e-01 -2.500000000000000000e-01 1.688491176960468451e-02
-2.999999999999999889e-01 -2.000000000000000111e-01 4.022289058693390845e-02
-2.500000000000000000e-01 -1.500000000000000222e-01 6.817469896122847761e-02
-2.000000000000000111e-01 -9.999999999999997780e-02 1.001149613683662287e-01
-1.500000000000000222e-01 -4.999999999999998890e-02 1.340541668665903852e-01
-9.999999999999997780e-02 0.000000000000000000e+00 1.635500229578350784e-01
-4.999999999999998890e-02 5.000000000000004441e-02 1.788645256736687283e-01
0.000000000000000000e+00 9.999999999999997780e-02 1.754206398786292975e-01
5.000000000000004441e-02 1.500000000000000222e-01 1.595556871029751300e-01
9.999999999999997780e-02 1.999999999999999556e-01 1.424586874335994069e-01
1.500000000000000222e-01 2.500000000000000000e-01 1.313670669803653768e-01
1.999999999999999556e-01 3.000000000000000444e-01 1.279874393908022046e-01
2.500000000000000000e-01 3.499999999999999778e-01 1.310450963143491854e-01
3.000000000000000444e-01 4.000000000000000222e-01 1.378168692152046959e-01
3.499999999999999778e-01 4.499999999999999556e-01 1.441461130181125871e-01
4.000000000000000222e-01 5.000000000000000000e-01 1.442425435427085456e-01
-5.000000000000000000e-01 -4.500000000000000111e-01 0.000000000000000000e+00
-4.500000000000000111e-01 -4.000000000000000222e-01 -1.800054465047647850e-02
-4.000000000000000222e-01 -3.499999999999999778e-01 -1.316435456370672157e-02
-3.499999999999999778e-01 -2.999999999999999889e-01 3.638256675776491925e-03
-2.999999999999999889e-01 -2.500000000000000000e-01 2.738720042983097333e-02
-2.500000000000000000e-01 -2.000000000000000111e-01 5.578526868483631856e-02
-2.000000000000000111e-01 -1.500000000000000222e-01 8.820261357401315561e-02
-1.500000000000000222e-01 -9.999999999999997780e-02 1.240343222208474538e-01
-9.999999999999997780e-02 -4.999999999999998890e-02 1.592747877136449774e-01
-4.999999999999998890e-02 0.000000000000000000e+00 1.842930976749900529e-01
0.000000000000000000e+00 5.000000000000004441e-02 1.895771087766960628e-01
5.000000000000004441e-02 9.999999999999997780e-02 1.759688043307967020e-01
9.999999999999997780e-02 1.500000000000000222e-01 1.545080023344782005e-01
1.500000000000000222e-01 1.999999999999999556e-01 1.358653398473308183e-01
1.999999999999999556e-01 2.500000000000000000e-01 1.242082359185543439e-01
2.500000000000000000e-01 3.000000000000000444e-01 1.189330345300091268e-01
3.000000000000000444e-01 3.499999999999999778e-01 1.174333478673299375e-01
3.499999999999999778e-01 4.000000000000000222e-01 1.157887093295824066e-01
4.000000000000000222e-01 4.499999999999999556e-01 1.081393219288809132e-01
4.499999999999999556e-01 5.000000000000000000e-01 8.521901571223187977e-02
-5.000000000000000000e-01 -5.000000000000000000e-01 0.000000000000000000e+00
-4.500000000000000111e-01 -4.500000000000000111e-01 -3.318189849288713522e-02
-4.000000000000000222e-01 -4.000000000000000222e-01 -3.075381125855923894e-02
-3.499999999999999778e-01 -3.499999999999999778e-01 -1.350227257957686833e-02
-2.999999999999999889e-01 -2.999999999999999889e-01 1.150353171310805958e-02
-2.500000000000000000e-01 -2.500000000000000000e-01 4.091131659877262489e-02
-2.000000000000000111e-01 -2.000000000000000111e-01 7.359026005255049629e-02
-1.500000000000000222e-01 -1.500000000000000222e-01 1.095002347674812609e-01
-9.999999999999997780e-02 -9.999999999999997780e-02 1.470459740588996866e-01
-4.999999999999998890e-02 -4.999999999999998890e-02 1.792600435760078048e-01
0.000000000000000000e+00 0.000000000000000000e+00 1.949209818831432739e-01
5.000000000000004441e-02 5.000000000000004441e-02 1.885254710620375973e-01
9.999999999999997780e-02 9.999999999999997780e-02 1.671844758842978840e-01
1.500000000000000222e-01 1.500000000000000222e-01 1.434112070949882245e-01
1.999999999999999556e-01 1.999999999999999556e-01 1.247940987339439534e-01
2.500000000000000000e-01 2.500000000000000000e-01 1.124424300292459628e-01
3.000000000000000444e-01 3.000000000000000444e-01 1.042310213347344000e-01
3.499999999999999778e-01 3.499999999999999778e-01 9.663860738153282059e-02
4.000000000000000222e-01 4.000000000000000222e-01 8.455316972608563353e-02
4.499999999999999556e-01 4.499999999999999556e-01 5.961545930852032993e-02
5.000000000000000000e-01 5.000000000000000000e-01 0.000000000000000000e+00
-4.500000000000000111e-01 -5.000000000000000000e-01 -5.901237335009347496e-02
-4.000000000000000222e-01 -4.500000000000000111e-01 -5.571467628214498563e-02
-3.499999999999999778e-01 -4.000000000000000222e-01 -3.613568403052860867e-02
-2.999999999999999889e-01 -3.499999999999999778e-01 -8.347729863076087942e-03
-2.500000000000000000e-01 -2.999999999999999889e-01 2.332869025525980897e-02
-2.000000000000000111e-01 -2.500000000000000000e-01 5.705475202785050687e-02
-1.500000000000000222e-01 -2.000000000000000111e-01 9.265801047768894294e-02
-9.999999999999997780e-02 -1.500000000000000222e-01 1.299803935367785379e-01
-4.999999999999998890e-02 -9.999999999999997780e-02 1.654030951349353962e-01
0.000000000000000000e+00 -4.999999999999998890e-02 1.895771087766960905e-01
5.000000000000004441e-02 0.000000000000000000e+00 1.931374681865218323e-01
9.999999999999997780e-02 5.000000000000004441e-02 1.769264179503709511e-01
1.500000000000000222e-01 9.999999999999997780e-02 1.518433812921533843e-01
1.999999999999999556e-01 1.500000000000000222e-01 1.283025056453934165e-01
2.500000000000000000e-01 1.999999999999999556e-01 1.101399180786842291e-01
3.000000000000000444e-01 2.500000000000000000e-01 9.639917659242330794e-02
3.499999999999999778e-01 3.000000000000000444e-01 8.415081699453422215e-02
4.000000000000000222e-01 3.499999999999999778e-01 6.918113387145727322e-02
4.499999999999999556e-01 4.000000000000000222e-01 4.510349928180209383e-02
5.000000000000000000e-01 4.499999999999999556e-01 0.000000000000000000e+00
-4.000000000000000222e-01 -5.000000000000000000e-01 -9.228309585980144780e-02
-3.499999999999999778e-01 -4.500000000000000111e-01 -6.663990163742862516e-02
-2.999999999999999889e-01 -4.000000000000000222e-01 -3.364682862394342833e-02
-2.500000000000000000e-01 -3.499999999999999778e-01 2.252852814609294582e-03
-2.000000000000000111e-01 -2.999999999999999889e-01 3.862090884364463572e-02
-1.500000000000000222e-01 -2.500000000000000000e-01 7.485461407657448274e-02
-9.999999999999997780e-02 -2.000000000000000111e-01 1.112566338677232203e-01
-4.999999999999998890e-02 -1.500000000000000222e-01 1.466967796309579519e-01
0.000000000000000000e+00 -9.999999999999997780e-02 1.754206398786294085e-01
5.000000000000004441e-02 -4.999999999999998890e-02 1.881299531596985208e-01
9.999999999999997780e-02 0.000000000000000000e+00 1.803966500319022781e-01
1.500000000000000222e-01 5.000000000000004441e-02 1.584101314279993122e-01
1.999999999999999556e-01 9.999999999999997780e-02 1.329457589392762373e-01
2.500000000000000000e-01 1.500000000000000222e-01 1.106286586669388838e-01
3.000000000000000444e-01 1.999999999999999556e-01 9.245257634474829400e-02
3.499999999999999778e-01 2.500000000000000000e-01 7.644452761005993136e-02
4.000000000000000222e-01 3.000000000000000444e-01 5.928731442831114418e-02
4.499999999999999556e-01 3.499999999999999778e-01 3.624536597250575115e-02
5.000000000000000000e-01 4.000000000000000222e-01 0.000000000000000000e+00
-3.499999999999999778e-01 -5.000000000000000000e-01 -1.082338913704616323e-01
-2.999999999999999889e-01 -4.500000000000000111e-01 -6.647536622961551511e-02
-2.500000000000000000e-01 -4.000000000000000222e-01 -2.362886516036771800e-02
-2.000000000000000111e-01 -3.499999999999999778e-01 1.765325974378245330e-02
-1.500000000000000222e-01 -2.999999999999999889e-01 5.637668772021700581e-02
-9.999999999999997780e-02 -2.500000000000000000e-01 9.280960472070165501e-02
-4.999999999999998890e-02 -2.000000000000000111e-01 1.271197565337583157e-01
0.000000000000000000e+00 -1.500000000000000222e-01 1.568174087790972504e-01
5.000000000000004441e-02 -9.999999999999997780e-02 1.753387764796462966e-01
9.999999999999997780e-02 -4.999999999999998890e-02 1.762969119458031864e-01
1.500000000000000222e-01 0.000000000000000000e+00 1.606796317007706254e-01
1.999999999999999556e-01 5.000000000000004441e-02 1.367246302294399252e-01
2.500000000000000000e-01 9.999999999999997780e-02 1.124537483881531269e-01
3.000000000000000444e-01 1.500000000000000222e-01 9.109906119568494942e-02
3.499999999999999778e-01 1.999999999999999556e-01 7.210190388473194933e-02
4.000000000000000222e-01 2.500000000000000000e-01 5.312015668571153093e-02
4.499999999999999556e-01 3.000000000000000444e-01 3.069681937372731317e-02
5.000000000000000000e-01 3.499999999999999778e-01 0.000000000000000000e+00
-2.999999999999999889e-01 -5.000000000000000000e-01 -1.094858997901914238e-01
-2.500000000000000000e-01 -4.500000000000000111e-01 -5.612888285419877221e-02
-2.000000000000000111e-01 -4.000000000000000222e-01 -6.993710152087747114e-03
-1.500000000000000222e-01 -3.499999999999999778e-01 3.671683601921524320e-02
-9.999999999999997780e-02 -2.999999999999999889e-01 7.516480795107444157e-02
-4.999999999999998890e-02 -2.500000000000000000e-01 1.090773723566331732e-01
0.000000000000000000e+00 -2.000000000000000111e-01 1.380928264029534780e-01
5.000000000000004441e-02 -1.500000000000000222e-01 1.588979626671702117e-01
9.999999999999997780e-02 -9.999999999999997780e-02 1.661748874051558189e-01
1.500000000000000222e-01 -4.999999999999998890e-02 1.577544943785250675e-01
1.999999999999999556e-01 0.000000000000000000e+00 1.379958244279777813e-01
2.500000000000000000e-01 5.000000000000004441e-02 1.141913922457406944e-01
3.000000000000000444e-01 9.999999999999997780e-02 9.116419306985545923e-02
3.499999999999999778e-01 1.500000000000000222e-01 7.000123271083798226e-02
4.000000000000000222e-01 1.999999999999999556e-01 4.949312742353320638e-02
4.499999999999999556e-01 2.500000000000000000e-01 2.725454910679210932e-02
5.000000000000000000e-01 3.000000000000000444e-01 0.000000000000000000e+00
-2.500000000000000000e-01 -5.000000000000000000e-01 -9.752833925706567986e-02
-2.000000000000000111e-01 -4.500000000000000111e-01 -3.688312071490768701e-02
-1.500000000000000222e-01 -4.000000000000000222e-01 1.488094917051442125e-02
-9.999999999999997780e-02 -3.499999999999999778e-01 5.792231683749528293e-02
-4.999999999999998890e-02 -2.999999999999999889e-01 9.329791802556232361e-02
0.000000000000000000e+00 -2.500000000000000000e-01 1.218852494559098110e-01
5.000000000000004441e-02 -2.000000000000000111e-01 1.429140032563259721e-01
9.999999999999997780e-02 -1.500000000000000222e-01 1.534414495600333050e-01
1.500000000000000222e-01 -9.999999999999997780e-02 1.507794273680666541e-01
1.999999999999999556e-01 -4.999999999999998890e-02 1.361817939058817817e-01
2.500000000000000000e-01 0.000000000000000000e+00 1.147623542890962023e-01
3.000000000000000444e-01 5.000000000000004441e-02 9.162787538567282453e-02
3.499999999999999778e-01 9.999999999999997780e-02 6.922338280958940937e-02
4.000000000000000222e-01 1.500000000000000222e-01 4.754645234849379926e-02
4.499999999999999556e-01 1.999999999999999556e-01 2.520106042256796408e-02
5.000000000000000000e-01 2.500000000000000000e-01 0.000000000000000000e+00
-2.000000000000000111e-01 -5.000000000000000000e-01 -7.396488229158469652e-02
-1.500000000000000222e-01 -4.500000000000000111e-01 -1.044542897409113553e-02
-9.999999999999997780e-02 -4.000000000000000222e-01 4.023993790301348683e-02
-4.999999999999998890e-02 -3.499999999999999778e-01 7.951048695525078647e-02
0.000000000000000000e+00 -2.999999999999999889e-01 1.091001772355937177e-01
5.000000000000004441e-02 -2.500000000000000000e-01 1.299855157441228704e-01
9.999999999999997780e-02 -2.000000000000000111e-01 1.415544046590149763e-01
1.500000000000000222e-01 -1.500000000000000222e-01 1.422642036006391553e-01
1.999999999999999556e-01 -9.999999999999997780e-02 1.320497841797934890e-01
2.500000000000000000e-01 -4.999999999999998890e-02 1.138017690851882285e-01
3.000000000000000444e-01 0.000000000000000000e+00 9.177532531314216979e-02
3.499999999999999778e-01 5.000000000000004441e-02 6.904176331025575764e-02
4.000000000000000222e-01 9.999999999999997780e-02 4.662914362598127860e-02
4.499999999999999556e-01 1.500000000000000222e-01 2.405614374761485749e-02
5.000000000000000000e-01 1.999999999999999556e-01 0.000000000000000000e+00
-1.500000000000000222e-01 -5.000000000000000000e-01 -4.085563173048812474e-02
-9.999999999999997780e-02 -4.500000000000000111e-01 2.107520850722683844e-02
-4.999999999999998890e-02 -4.000000000000000222e-01 6.707102645846291233e-02
0.000000000000000000e+00 -3.499999999999999778e-01 9.967462574731650315e-02
5.000000000000004441e-02 -2.999999999999999889e-01 1.211823107635640884e-01
9.999999999999997780e-02 -2.500000000000000000e-01 1.328653705498274440e-01
1.500000000000000222e-01 -2.000000000000000111e-01 1.348642658978571607e-01
1.999999999999999556e-01 -1.500000000000000222e-01 1.273086245718615950e-01
2.500000000000000000e-01 -9.999999999999997780e-02 1.117967615013479160e-01
3.000000000000000444e-01 -4.999999999999998890e-02 9.137103769356268168e-02
3.499999999999999778e-01 0.000000000000000000e+00 6.897942893421482591e-02
4.000000000000000222e-01 5.000000000000004441e-02 4.626030535937993710e-02
4.499999999999999556e-01 9.999999999999997780e-02 2.347618334810754048e-02
5.000000000000000000e-01 1.500000000000000222e-01 0.000000000000000000e+00
-9.999999999999997780e-02 -5.000000000000000000e-01 -7.576451758118365933e-04
-4.999999999999998890e-02 -4.500000000000000111e-01 5.526251787354329731e-02
0.000000000000000000e+00 -4.000000000000000222e-01 9.325763642920296970e-02
5.000000000000004441e-02 -3.499999999999999778e-01 1.167499315068985244e-01
9.999999999999997780e-02 -2.999999999999999889e-01 1.285890141422773025e-01
1.500000000000000222e-01 -2.500000000000000000e-01 1.305919298204757939e-01
1.999999999999999556e-01 -2.000000000000000111e-01 1.238917927432076765e-01
2.500000000000000000e-01 -1.500000000000000222e-01 1.098739849957149073e-01
3.000000000000000444e-01 -9.999999999999997780e-02 9.072088991127606750e-02
3.499999999999999778e-01 -4.999999999999998890e-02 6.888156203928021137e-02
4.000000000000000222e-01 0.000000000000000000e+00 4.613879421186111579e-02
4.499999999999999556e-01 5.000000000000004441e-02 2.321799361658045957e-02
5.000000000000000000e-01 9.999999999999997780e-02 0.000000000000000000e+00
-4.999999999999998890e-02 -5.000000000000000000e-01 4.336752583116979670e-02
0.000000000000000000e+00 -4.500000000000000111e-01 8.953440743151995507e-02
5.000000000000004441e-02 -4.000000000000000222e-01 1.167363230935121732e-01
9.999999999999997780e-02 -3.499999999999999778e-01 1.293392370362023980e-01
1.500000000000000222e-01 -2.999999999999999889e-01 1.307649539153924179e-01
1.999999999999999556e-01 -2.500000000000000000e-01 1.234756751671719638e-01
2.500000000000000000e-01 -2.000000000000000111e-01 1.094223790794604939e-01
3.000000000000000444e-01 -1.500000000000000222e-01 9.057072107853526843e-02
3.499999999999999778e-01 -9.999999999999997780e-02 6.894085506753562520e-02
4.000000000000000222e-01 -4.999999999999998890e-02 4.616769707480884027e-02
4.499999999999999556e-01 0.000000000000000000e+00 2.313358249304051789e-02
5.000000000000000000e-01 5.000000000000004441e-02 0.000000000000000000e+00
0.000000000000000000e+00 -5.000000000000000000e-01 8.831405230022611186e-02
5.000000000000004441e-02 -4.500000000000000111e-01 1.213014447281967612e-01
9.999999999999997780e-02 -4.000000000000000222e-01 1.356245133415363013e-01
1.500000000000000222e-01 -3.499999999999999778e-01 1.363488113742112595e-01
1.999999999999999556e-01 -2.999999999999999889e-01 1.274214599681605664e-01
2.500000000000000000e-01 -2.500000000000000000e-01 1.118282601144306443e-01
3.000000000000000444e-01 -2.000000000000000111e-01 9.192622044207557352e-02
3.499999999999999778e-01 -1.500000000000000222e-01 6.965318860862972083e-02
4.000000000000000222e-01 -9.999999999999997780e-02 4.646310193107014430e-02
4.499999999999999556e-01 -4.999999999999998890e-02 2.317556374880987147e-02
5.000000000000000000e-01 0.000000000000000000e+00 0.000000000000000000e+00
5.000000000000004441e-02 -5.000000000000000000e-01 1.308194939587046246e-01
9.999999999999997780e-02 -4.500000000000000111e-01 1.481139230964547138e-01
1.500000000000000222e-01 -4.000000000000000222e-01 1.483008151881718695e-01
1.999999999999999556e-01 -3.499999999999999778e-01 1.369666846675742233e-01
2.500000000000000000e-01 -2.999999999999999889e-01 1.184326965721931718e-01
3.000000000000000444e-01 -2.500000000000000000e-01 9.592508499638999209e-02
3.499999999999999778e-01 -2.000000000000000111e-01 7.174086706360618959e-02
4.000000000000000222e-01 -1.500000000000000222e-01 4.733675653533755273e-02
4.499999999999999556e-01 -9.999999999999997780e-02 2.339934409479451152e-02
5.000000000000000000e-01 -4.999999999999998890e-02 0.000000000000000000e+00
9.999999999999997780e-02 -5.000000000000000000e-01 1.677490245285762072e-01
1.500000000000000222e-01 -4.500000000000000111e-01 1.677796429208134321e-01
1.999999999999999556e-01 -4.000000000000000222e-01 1.534462392657813534e-01
2.500000000000000000e-01 -3.499999999999999778e-01 1.306403772338992353e-01
3.000000000000000444e-01 -2.999999999999999889e-01 1.038253428759903507e-01
3.499999999999999778e-01 -2.500000000000000000e-01 7.610517045677148151e-02
4.000000000000000222e-01 -2.000000000000000111e-01 4.926903791870343441e-02
4.499999999999999556e-01 -1.500000000000000222e-01 2.395764383260172437e-02
5.000000000000000000e-01 -9.999999999999997780e-02 0.000000000000000000e+00
1.500000000000000222e-01 -5.000000000000000000e-01 1.962553868648726496e-01
1.999999999999999556e-01 -4.500000000000000111e-01 1.784478933134178991e-01
2.500000000000000000e-01 -4.000000000000000222e-01 1.500678834075534485e-01
3.000000000000000444e-01 -3.499999999999999778e-01 1.170909762473380106e-01
3.499999999999999778e-01 -2.999999999999999889e-01 8.384853561662733434e-02
4.000000000000000222e-01 -2.500000000000000000e-01 5.290292610952432306e-02
4.499999999999999556e-01 -2.000000000000000111e-01 2.509392147993784114e-02
5.000000000000000000e-01 -1.500000000000000222e-01 0.000000000000000000e+00
1.999999999999999556e-01 -5.000000000000000000e-01 2.139038215764348660e-01
2.500000000000000000e-01 -4.500000000000000111e-01 1.786616420854793830e-01
3.000000000000000444e-01 -4.000000000000000222e-01 1.375227226349365894e-01
3.499999999999999778e-01 -3.499999999999999778e-01 9.637460208151600594e-02
4.000000000000000222e-01 -2.999999999999999889e-01 5.908816688922161053e-02
4.499999999999999556e-01 -2.500000000000000000e-01 2.714877676328368919e-02
5.000000000000000000e-01 -2.000000000000000111e-01 0.000000000000000000e+00
2.500000000000000000e-01 -5.000000000000000000e-01 2.187546710157632912e-01
3.000000000000000444e-01 -4.500000000000000111e-01 1.673760465148717569e-01
3.499999999999999778e-01 -4.000000000000000222e-01 1.155558403609831114e-01
4.000000000000000222e-01 -3.499999999999999778e-01 6.900287644837328760e-02
4.499999999999999556e-01 -2.999999999999999889e-01 3.059818537336160202e-02
5.000000000000000000e-01 -2.500000000000000000e-01 0.000000000000000000e+00
3.000000000000000444e-01 -5.000000000000000000e-01 2.093867235934059046e-01
3.499999999999999778e-01 -4.500000000000000111e-01 1.439330786120983363e-01
4.000000000000000222e-01 -4.000000000000000222e-01 8.439292833666450777e-02
4.499999999999999556e-01 -3.499999999999999778e-01 3.615577870737420735e-02
5.000000000000000000e-01 -2.999999999999999889e-01 0.000000000000000000e+00
3.499999999999999778e-01 -5.000000000000000000e-01 1.848094810939207855e-01
4.000000000000000222e-01 -4.500000000000000111e-01 1.079909425613497093e-01
4.499999999999999556e-01 -4.000000000000000222e-01 4.502204909049386389e-02
5.000000000000000000e-01 -3.499999999999999778e-01 0.000000000000000000e+00
4.000000000000000222e-01 -5.000000000000000000e-01 1.440982739786994815e-01
4.499999999999999556e-01 -4.500000000000000111e-01 5.953948868196180799e-02
5.000000000000000000e-01 -4.000000000000000222e-01 0.000000000000000000e+00
4.499999999999999556e-01 -5.000000000000000000e-01 8.514496299410541369e-02
5.000000000000000000e-01 -4.500000000000000111e-01 0.000000000000000000e+00
5.000000000000000000e-01 -5.000000000000000000e-01 0.000000000000000000e+00
