0.000000000000000000e+00 0.000000000000000000e+00 2.998809380909142064e+00
1.600000000000000266e-05 1.000000000000000000e+00 2.998809381071673386e+00
3.200000000000000533e-05 2.000000000000000000e+00 2.999720591532017089e+00
5.760000000000001095e-05 3.000000000000000000e+00 3.000583479000831222e+00
9.856000000000003213e-05 4.000000000000000000e+00 3.001372787850506541e+00
1.640960000000000769e-04 5.000000000000000000e+00 3.001372912316599972e+00
2.689536000000001485e-04 6.000000000000000000e+00 3.001373111457516174e+00
4.367257600000002196e-04 7.000000000000000000e+00 3.001373430070562343e+00
7.051612160000003768e-04 8.000000000000000000e+00 3.001373939819639070e+00
1.134657945600000715e-03 9.000000000000000000e+00 3.001374755336783107e+00
1.821852712960001256e-03 1.000000000000000000e+01 3.001376059955130682e+00
2.921364340736001992e-03 1.100000000000000000e+01 3.001378146807939018e+00
4.680582945177603690e-03 1.200000000000000000e+01 3.001381484405472921e+00
7.495332712284166060e-03 1.300000000000000000e+01 3.001386821068918742e+00
1.199893233965466585e-02 1.400000000000000000e+01 3.001395350817120722e+00
1.920469174344746621e-02 1.500000000000000000e+01 3.001408975709093152e+00
3.073390678951595095e-02 1.600000000000000000e+01 3.001430717867988207e+00
4.918065086322552515e-02 1.700000000000000000e+01 3.001465359527731636e+00
7.869544138116084386e-02 1.800000000000000000e+01 3.001520420246914789e+00
1.259191062098573566e-01 1.900000000000000000e+01 3.001607609104198993e+00
2.014769699357717991e-01 2.000000000000000000e+01 3.001744894470567360e+00
3.223695518972348739e-01 2.100000000000000000e+01 3.001959272488901487e+00
5.157976830355758269e-01 2.200000000000000000e+01 3.002290133614682777e+00
8.252826928569213516e-01 2.300000000000000000e+01 3.002792800366817172e+00
1.320458708571074169e+00 2.400000000000000000e+01 3.003541363628095873e+00
2.112740333713718943e+00 2.500000000000000000e+01 3.004629257838242307e+00
3.380390933941950671e+00 2.600000000000000000e+01 3.006164643698395089e+00
5.408631894307120547e+00 2.700000000000000000e+01 3.008256654351978643e+00
8.653817430891393769e+00 2.800000000000000000e+01 3.010994331892629106e+00
1.384611428942623057e+01 2.900000000000000000e+01 3.014436872130617395e+00
2.215378926308196839e+01 3.000000000000000000e+01 3.018641661610214300e+00
3.544606922093115031e+01 3.100000000000000000e+01 3.023729801347385227e+00
5.671371715348984566e+01 3.200000000000000000e+01 3.029949462418653816e+00
9.074195384558376531e+01 3.300000000000000000e+01 3.037690527667414653e+00
1.451871325529340311e+02 3.400000000000000000e+01 3.047440187912866527e+00
2.322994184846944563e+02 3.500000000000000000e+01 3.059717247115371297e+00
3.716790759755111822e+02 3.600000000000000000e+01 3.075008306717608608e+00
5.946865279608178980e+02 3.700000000000000000e+01 3.093624940080540231e+00
9.514984511373086207e+02 3.800000000000000000e+01 3.115338385517929076e+00
1.522397528219693868e+03 3.900000000000000000e+01 3.138825064537773102e+00
2.435836051551510536e+03 4.000000000000000000e+01 3.161405560923155722e+00
3.897337688882416842e+03 4.100000000000000000e+01 3.179784888070275262e+00
6.235740308611866567e+03 4.200000000000000000e+01 3.191788311806564860e+00
9.977184500178987946e+03 4.300000000000000000e+01 3.197729889312095342e+00
1.596349520668638070e+04 4.400000000000000000e+01 3.199840669830473328e+00
2.554159233709820910e+04 4.500000000000000000e+01 3.200355189037553671e+00
4.086654774575713964e+04 4.600000000000000000e+01 3.200438493902144632e+00
6.538647639961141977e+04 4.700000000000000000e+01 3.200447260421687812e+00
1.046183622457782767e+05 4.800000000000000000e+01 3.200447851638892338e+00
1.673893795996452682e+05 4.900000000000000000e+01 3.200447876959371829e+00
2.678230073658324545e+05 5.000000000000000000e+01 3.200447877644011285e+00
4.285168117917319760e+05 5.100000000000000000e+01 3.200447877655649531e+00
6.856268988731711870e+05 5.200000000000000000e+01 3.200447877655777429e+00
1.097003038203473901e+06 5.300000000000000000e+01 3.200447877655777429e+00
1.755204861131958431e+06 5.400000000000000000e+01 3.200447877655775653e+00
2.808327777817533817e+06 5.500000000000000000e+01 3.200447877655775653e+00
4.493324444514454342e+06 5.600000000000000000e+01 3.200447877655775653e+00
7.189319111229527742e+06 5.700000000000000000e+01 3.200447877655775653e+00
1.150291057797364518e+07 5.800000000000000000e+01 3.200447877655775653e+00
1.840465692476423457e+07 5.900000000000000000e+01 3.200447877655775653e+00
2.944745107962917536e+07 6.000000000000000000e+01 3.200447877655775653e+00
4.711592172741308808e+07 6.100000000000000000e+01 3.200447877655775653e+00
7.538547476386734843e+07 6.200000000000000000e+01 3.200447877655775653e+00
1.206167596221941710e+08 6.300000000000000000e+01 3.200447877655775653e+00
1.929868153955170810e+08 6.400000000000000000e+01 3.200447877655775653e+00
3.087789046328337193e+08 6.500000000000000000e+01 3.200447877655775653e+00
4.940462474125404358e+08 6.600000000000000000e+01 3.200447877655775653e+00
7.904739958600711823e+08 6.700000000000000000e+01 3.200447877655775653e+00
1.264758393376120329e+09 6.800000000000000000e+01 3.200447877655775653e+00
2.023613429401798964e+09 6.900000000000000000e+01 3.200447877655775653e+00
3.237781487042884827e+09 7.000000000000000000e+01 3.200447877655775653e+00
5.180450379268622398e+09 7.100000000000000000e+01 3.200447877655775653e+00
8.288720606829802513e+09 7.200000000000000000e+01 3.200447877655778317e+00
