0.000000000000000000e+00 0.000000000000000000e+00 7.141932068292372934e-18 9.038823929586659861e-19 1.039870290537364239e+00
1.000000000000000000e+00 2.631578947368420907e-02 7.141932068292372934e-18 9.038823929586659861e-19 1.039870290537364239e+00
2.000000000000000000e+00 5.263157894736841813e-02 -7.448189989809064163e-04 7.048589051208138494e-04 1.039675462415288409e+00
3.000000000000000000e+00 7.894736842105262720e-02 -3.054672202003410990e-03 2.735234166106018279e-03 1.038967474831187232e+00
4.000000000000000000e+00 1.052631578947368363e-01 -7.035524482026750577e-03 5.958785276978540227e-03 1.037582150226506572e+00
5.000000000000000000e+00 1.315789473684210453e-01 -1.278340571468104814e-02 1.023565651756902159e-02 1.035384624702507361e+00
6.000000000000000000e+00 1.578947368421052544e-01 -2.038391214053188530e-02 1.541917533911746699e-02 1.032270636063859381e+00
7.000000000000000000e+00 1.842105263157894635e-01 -2.991175480295120426e-02 2.135658243989356497e-02 1.028167755351399260e+00
8.000000000000000000e+00 2.105263157894736725e-01 -4.143035701488467781e-02 2.788979044919028677e-02 1.023036791070911722e+00
9.000000000000000000e+00 2.368421052631578816e-01 -5.499150261040274684e-02 3.485616802041908296e-02 1.016873528766790491e+00
1.000000000000000000e+01 2.631578947368420907e-01 -7.063503653256920922e-02 4.208934602884296244e-02 1.009710857608117518e+00
1.100000000000000000e+01 2.894736842105263275e-01 -8.838861909862510968e-02 4.942004247713226162e-02 1.001621181548632222e+00
1.200000000000000000e+01 3.157894736842105088e-01 -1.082675350675688514e-01 5.667690263277142676e-02 9.927188129056679911e-01
1.300000000000000000e+01 3.421052631578946901e-01 -1.302745584147274593e-01 6.368735085569396381e-02 9.831617982582836479e-01
1.400000000000000000e+01 3.684210526315789269e-01 -1.543998734936959660e-01 7.027845052263423375e-02 9.731523368533759877e-01
1.500000000000000000e+01 3.947368421052631637e-01 -1.806210530389159852e-01 7.627776841676647823e-02 9.629346543349237564e-01
1.600000000000000000e+01 4.210526315789473450e-01 -2.089030932330376289e-01 8.151423992740916558e-02 9.527889808842863184e-01
1.700000000000000000e+01 4.473684210526315264e-01 -2.391985058329163527e-01 8.581903139500829392e-02 9.430203312814999794e-01
1.800000000000000000e+01 4.736842105263157632e-01 -2.714474671175258202e-01 8.902639594133274215e-02 9.339413521956264619e-01
1.900000000000000000e+01 5.000000000000000000e-01 -3.055780231910766864e-01 9.097451914380534632e-02 9.258498086249502546e-01
