0.000000000000000000e+00 0.000000000000000000e+00 6.885777547075466742e-02
1.000000000000000000e+00 2.000000000000000111e-01 1.504538968591484505e-02
2.000000000000000000e+00 4.000000000000000222e-01 3.055218781725876909e-03
3.000000000000000000e+00 6.000000000000000888e-01 6.090001263725497438e-04
4.000000000000000000e+00 8.000000000000000444e-01 1.208563527708150787e-04
5.000000000000000000e+00 1.000000000000000000e+00 2.395955783773828784e-05
6.000000000000000000e+00 1.199999999999999956e+00 4.748842770574412953e-06
7.000000000000000000e+00 1.399999999999999911e+00 9.411832517791651753e-07
8.000000000000000000e+00 1.599999999999999867e+00 1.865329295469564386e-07
9.000000000000000000e+00 1.799999999999999822e+00 3.696882977521909197e-08
1.000000000000000000e+01 1.999999999999999778e+00 7.326821815922812675e-09
1.100000000000000000e+01 2.199999999999999734e+00 1.452097109222449944e-09
1.200000000000000000e+01 2.399999999999999911e+00 2.877893479080739780e-10
1.300000000000000000e+01 2.600000000000000089e+00 5.703704175630264217e-11
1.400000000000000000e+01 2.800000000000000266e+00 1.130384674752349383e-11
1.500000000000000000e+01 3.000000000000000444e+00 2.239097796064015711e-12
1.600000000000000000e+01 3.200000000000000622e+00 4.440892098500626162e-13
1.700000000000000000e+01 3.400000000000000799e+00 8.792966355031239800e-14
1.800000000000000000e+01 3.600000000000000977e+00 2.042810365310288034e-14
1.900000000000000000e+01 3.800000000000001155e+00 6.217248937900876626e-15
2.000000000000000000e+01 4.000000000000000888e+00 6.217248937900876626e-15
2.100000000000000000e+01 4.200000000000001066e+00 7.105427357601001859e-15
2.200000000000000000e+01 4.400000000000001243e+00 6.217248937900876626e-15
2.300000000000000000e+01 4.600000000000001421e+00 7.105427357601001859e-15
2.400000000000000000e+01 4.800000000000001599e+00 6.217248937900876626e-15
2.500000000000000000e+01 5.000000000000001776e+00 7.105427357601001859e-15
2.600000000000000000e+01 5.200000000000001954e+00 8.881784197001252323e-15
2.700000000000000000e+01 5.400000000000002132e+00 8.881784197001252323e-15
2.800000000000000000e+01 5.600000000000002309e+00 8.881784197001252323e-15
2.900000000000000000e+01 5.800000000000002487e+00 8.881784197001252323e-15
3.000000000000000000e+01 6.000000000000002665e+00 8.881784197001252323e-15
3.100000000000000000e+01 6.200000000000002842e+00 8.881784197001252323e-15
3.200000000000000000e+01 6.400000000000003020e+00 7.105427357601001859e-15
3.300000000000000000e+01 6.600000000000003197e+00 1.065814103640150279e-14
3.400000000000000000e+01 6.800000000000003375e+00 8.881784197001252323e-15
3.500000000000000000e+01 7.000000000000003553e+00 1.243449787580175325e-14
3.600000000000000000e+01 7.200000000000003730e+00 1.065814103640150279e-14
3.700000000000000000e+01 7.400000000000003908e+00 8.881784197001252323e-15
3.800000000000000000e+01 7.600000000000004086e+00 1.065814103640150279e-14
3.900000000000000000e+01 7.800000000000004263e+00 8.881784197001252323e-15
4.000000000000000000e+01 8.000000000000003553e+00 1.065814103640150279e-14
4.100000000000000000e+01 8.200000000000002842e+00 1.421085471520200372e-14
4.200000000000000000e+01 8.400000000000002132e+00 1.065814103640150279e-14
4.300000000000000000e+01 8.600000000000001421e+00 1.065814103640150279e-14
4.400000000000000000e+01 8.800000000000000711e+00 1.065814103640150279e-14
4.500000000000000000e+01 9.000000000000000000e+00 1.065814103640150279e-14
4.600000000000000000e+01 9.199999999999999289e+00 1.065814103640150279e-14
4.700000000000000000e+01 9.399999999999998579e+00 1.243449787580175325e-14
4.800000000000000000e+01 9.599999999999997868e+00 1.421085471520200372e-14
4.900000000000000000e+01 9.799999999999997158e+00 1.243449787580175325e-14
