0.000000000000000000e+00 0.000000000000000000e+00 0.000000000000000000e+00 0.000000000000000000e+00 1.000000000000000000e+00
1.000000000000000000e+00 2.631578947368420907e-02 0.000000000000000000e+00 0.000000000000000000e+00 1.000000000000000000e+00
2.000000000000000000e+00 5.263157894736841813e-02 -7.448189989809134636e-04 7.048589051208128736e-04 9.999748973276088027e-01
3.000000000000000000e+00 7.894736842105262720e-02 -3.054672202003417929e-03 2.735234166106016978e-03 9.998047428715179930e-01
4.000000000000000000e+00 1.052631578947368363e-01 -7.035524482026758383e-03 5.958785276978538492e-03 9.993595777924562107e-01
5.000000000000000000e+00 1.315789473684210453e-01 -1.278340571468105508e-02 1.023565651756901812e-02 9.985250167708946689e-01
6.000000000000000000e+00 1.578947368421052544e-01 -2.038391214053189224e-02 1.541917533911746352e-02 9.972006796952463947e-01
7.000000000000000000e+00 1.842105263157894635e-01 -2.991175480295120773e-02 2.135658243989356150e-02 9.952982504814869014e-01
8.000000000000000000e+00 2.105263157894736725e-01 -4.143035701488468475e-02 2.788979044919028330e-02 9.927393758482360164e-01
9.000000000000000000e+00 2.368421052631578816e-01 -5.499150261040275378e-02 3.485616802041907603e-02 9.894535569873740277e-01
1.000000000000000000e+01 2.631578947368420907e-01 -7.063503653256920922e-02 4.208934602884295550e-02 9.853761686484172611e-01
1.100000000000000000e+01 2.894736842105263275e-01 -8.838861909862510968e-02 4.942004247713225468e-02 9.804467716779168285e-01
1.200000000000000000e+01 3.157894736842105088e-01 -1.082675350675688514e-01 5.667690263277141982e-02 9.746079731546540836e-01
1.300000000000000000e+01 3.421052631578946901e-01 -1.302745584147274593e-01 6.368735085569394994e-02 9.678052353048703926e-01
1.400000000000000000e+01 3.684210526315789269e-01 -1.543998734936959660e-01 7.027845052263420600e-02 9.599882288337252545e-01
1.500000000000000000e+01 3.947368421052631637e-01 -1.806210530389159852e-01 7.627776841676646435e-02 9.511145242012138956e-01
1.600000000000000000e+01 4.210526315789473450e-01 -2.089030932330376011e-01 8.151423992740916558e-02 9.411565130839139037e-01
1.700000000000000000e+01 4.473684210526315264e-01 -2.391985058329163250e-01 8.581903139500828004e-02 9.301122823380538751e-01
1.800000000000000000e+01 4.736842105263157632e-01 -2.714474671175258202e-01 8.902639594133272827e-02 9.180205242223722362e-01
1.900000000000000000e+01 5.000000000000000000e-01 -3.055780231910766309e-01 9.097451914380534632e-02 9.049783812741514222e-01
