0.000000000000000000e+00 0.000000000000000000e+00 7.223318115921273375e-02
1.000000000000000000e+00 2.500000000000000000e-01 1.336850010576595693e-02
2.000000000000000000e+00 5.000000000000000000e-01 2.307049985797338110e-03
3.000000000000000000e+00 7.500000000000000000e-01 3.909610901162707819e-04
4.000000000000000000e+00 1.000000000000000000e+00 6.595563032441020823e-05
5.000000000000000000e+00 1.250000000000000000e+00 1.111477238291413983e-05
6.000000000000000000e+00 1.500000000000000000e+00 1.872571654182308976e-06
7.000000000000000000e+00 1.750000000000000000e+00 3.154632075563768012e-07
8.000000000000000000e+00 2.000000000000000000e+00 5.314242734755225683e-08
9.000000000000000000e+00 2.250000000000000000e+00 8.950751251290967048e-09
1.000000000000000000e+01 2.500000000000000000e+00 1.505968683090941340e-09
1.100000000000000000e+01 2.750000000000000000e+00 2.516840069688441872e-10
1.200000000000000000e+01 3.000000000000000000e+00 4.027445044130217866e-11
1.300000000000000000e+01 3.250000000000000000e+00 4.594546965108747827e-12
1.400000000000000000e+01 3.500000000000000000e+00 1.713296171601541573e-12
1.500000000000000000e+01 3.750000000000000000e+00 2.803091092573595233e-12
1.600000000000000000e+01 4.000000000000000000e+00 3.101519041592837311e-12
1.700000000000000000e+01 4.250000000000000000e+00 3.262279335558559978e-12
1.800000000000000000e+01 4.500000000000000000e+00 3.399058812192379264e-12
1.900000000000000000e+01 4.750000000000000000e+00 3.532285575147398049e-12
