0.000000000000000000e+00 0.000000000000000000e+00 1.995327842109286376e+00
1.600000000000000266e-05 1.000000000000000000e+00 1.995327841865963681e+00
3.200000000000000533e-05 2.000000000000000000e+00 2.005583949226252383e+00
5.760000000000001095e-05 3.000000000000000000e+00 2.018860984492304667e+00
9.856000000000003213e-05 4.000000000000000000e+00 2.036212540596693099e+00
1.640960000000000769e-04 5.000000000000000000e+00 2.036216861217648333e+00
2.689536000000001485e-04 6.000000000000000000e+00 2.036223771617942102e+00
4.367257600000002196e-04 7.000000000000000000e+00 2.036234821633076564e+00
7.051612160000003768e-04 8.000000000000000000e+00 2.036252484760111336e+00
1.134657945600000715e-03 9.000000000000000000e+00 2.036280702763705985e+00
1.821852712960001256e-03 1.000000000000000000e+01 2.036325742520746385e+00
2.921364340736001992e-03 1.100000000000000000e+01 2.036397531042987374e+00
4.680582945177603690e-03 1.200000000000000000e+01 2.036511704259303279e+00
7.495332712284166060e-03 1.300000000000000000e+01 2.036692678660608991e+00
1.199893233965466585e-02 1.400000000000000000e+01 2.036978093812051416e+00
1.920469174344746621e-02 1.500000000000000000e+01 2.037424886412671832e+00
3.073390678951595095e-02 1.600000000000000000e+01 2.038116860444215028e+00
4.918065086322552515e-02 1.700000000000000000e+01 2.039172720838529518e+00
7.869544138116084386e-02 1.800000000000000000e+01 2.040752442296787983e+00
1.259191062098573566e-01 1.900000000000000000e+01 2.043059555614721745e+00
2.014769699357717991e-01 2.000000000000000000e+01 2.046337082620368619e+00
3.223695518972348739e-01 2.100000000000000000e+01 2.050857345509225382e+00
5.157976830355758269e-01 2.200000000000000000e+01 2.056918292614061450e+00
8.252826928569213516e-01 2.300000000000000000e+01 2.064865067919718022e+00
1.320458708571074169e+00 2.400000000000000000e+01 2.075130568707659773e+00
2.112740333713718943e+00 2.500000000000000000e+01 2.088272613986375426e+00
3.380390933941950671e+00 2.600000000000000000e+01 2.105004696997882618e+00
5.408631894307120547e+00 2.700000000000000000e+01 2.126203805362410382e+00
8.653817430891393769e+00 2.800000000000000000e+01 2.152870614307778929e+00
1.384611428942623057e+01 2.900000000000000000e+01 2.186064353583995423e+00
2.215378926308196839e+01 3.000000000000000000e+01 2.226778657156269325e+00
3.544606922093115031e+01 3.100000000000000000e+01 2.275639743638788293e+00
5.671371715348984566e+01 3.200000000000000000e+01 2.332420387750027135e+00
9.074195384558376531e+01 3.300000000000000000e+01 2.395569642789346254e+00
1.451871325529340311e+02 3.400000000000000000e+01 2.462030325196474578e+00
2.322994184846944563e+02 3.500000000000000000e+01 2.527451931560190879e+00
3.716790759755111822e+02 3.600000000000000000e+01 2.586752560822048075e+00
5.946865279608178980e+02 3.700000000000000000e+01 2.635054723160154655e+00
9.514984511373086207e+02 3.800000000000000000e+01 2.669089903716994616e+00
1.522397528219693868e+03 3.900000000000000000e+01 2.688750892304408779e+00
2.435836051551510536e+03 4.000000000000000000e+01 2.697476867874380346e+00
3.897337688882416842e+03 4.100000000000000000e+01 2.700267766985630757e+00
6.235740308611866567e+03 4.200000000000000000e+01 2.700878984979296682e+00
9.977184500178987946e+03 4.300000000000000000e+01 2.700967540941114020e+00
1.596349520668638070e+04 4.400000000000000000e+01 2.700975850103962905e+00
2.554159233709820910e+04 4.500000000000000000e+01 2.700976348437470254e+00
4.086654774575713964e+04 4.600000000000000000e+01 2.700976367383849386e+00
6.538647639961141977e+04 4.700000000000000000e+01 2.700976367838117120e+00
1.046183622457782767e+05 4.800000000000000000e+01 2.700976367844958759e+00
1.673893795996452682e+05 4.900000000000000000e+01 2.700976367845028925e+00
2.678230073658324545e+05 5.000000000000000000e+01 2.700976367845028925e+00
4.285168117917319760e+05 5.100000000000000000e+01 2.700976367845028925e+00
6.856268988731711870e+05 5.200000000000000000e+01 2.700976367845028925e+00
1.097003038203473901e+06 5.300000000000000000e+01 2.700976367845030257e+00
1.755204861131958431e+06 5.400000000000000000e+01 2.700976367845030257e+00
2.808327777817533817e+06 5.500000000000000000e+01 2.700976367845030257e+00
4.493324444514454342e+06 5.600000000000000000e+01 2.700976367845030257e+00
7.189319111229527742e+06 5.700000000000000000e+01 2.700976367845030257e+00
1.150291057797364518e+07 5.800000000000000000e+01 2.700976367845030257e+00
1.840465692476423457e+07 5.900000000000000000e+01 2.700976367845030257e+00
2.944745107962917536e+07 6.000000000000000000e+01 2.700976367845030257e+00
4.711592172741308808e+07 6.100000000000000000e+01 2.700976367845030257e+00
7.538547476386734843e+07 6.200000000000000000e+01 2.700976367845030257e+00
1.206167596221941710e+08 6.300000000000000000e+01 2.700976367845030257e+00
1.929868153955170810e+08 6.400000000000000000e+01 2.700976367845030257e+00
3.087789046328337193e+08 6.500000000000000000e+01 2.700976367845030257e+00
4.940462474125404358e+08 6.600000000000000000e+01 2.700976367845030701e+00
7.904739958600711823e+08 6.700000000000000000e+01 2.700976367845030701e+00
1.264758393376120329e+09 6.800000000000000000e+01 2.700976367845030701e+00
2.023613429401798964e+09 6.900000000000000000e+01 2.700976367845030701e+00
3.237781487042884827e+09 7.000000000000000000e+01 2.700976367845030701e+00
5.180450379268622398e+09 7.100000000000000000e+01 2.700976367845030701e+00
8.288720606829802513e+09 7.200000000000000000e+01 2.700976367845030701e+00
