0.000000000000000000e+00 0.000000000000000000e+00 -0.000000000000000000e+00 0.000000000000000000e+00
1.000000000000000000e+00 4.081632653061224858e-03 -0.000000000000000000e+00 6.122448979591837287e-02
2.000000000000000000e+00 8.163265306122449716e-03 6.171704854327185463e-02 1.224489795918367457e-01
3.000000000000000000e+00 1.224489795918367457e-02 1.234340960627378497e-01 1.836734693877551117e-01
4.000000000000000000e+00 1.632653061224489943e-02 1.851511435822038032e-01 2.448979591836734915e-01
5.000000000000000000e+00 2.040816326530612429e-02 2.468681911016696318e-01 3.061224489795918435e-01
6.000000000000000000e+00 2.448979591836734915e-02 3.085852386211355158e-01 3.673469387755102233e-01
7.000000000000000000e+00 2.857142857142857401e-02 3.703022861406017885e-01 4.285714285714285476e-01
8.000000000000000000e+00 3.265306122448979886e-02 4.320193336600678391e-01 4.897959183673469830e-01
9.000000000000000000e+00 3.673469387755102372e-02 4.937363811795328350e-01 5.510204081632653628e-01
1.000000000000000000e+01 4.081632653061224858e-02 5.554534286989988301e-01 6.122448979591836871e-01
1.100000000000000000e+01 4.489795918367347344e-02 6.171704762184651027e-01 6.734693877551020114e-01
1.200000000000000000e+01 4.897959183673469830e-02 6.788875237379314864e-01 7.346938775510204467e-01
1.300000000000000000e+01 5.306122448979592315e-02 7.406045712573972040e-01 7.959183673469388820e-01
1.400000000000000000e+01 5.714285714285714801e-02 8.023216187768642538e-01 8.571428571428570953e-01
1.500000000000000000e+01 6.122448979591837287e-02 8.640386662963295272e-01 9.183673469387755306e-01
1.600000000000000000e+01 6.530612244897959773e-02 9.257557138157966881e-01 9.795918367346939659e-01
1.700000000000000000e+01 6.938775510204081565e-02 9.874727613352596300e-01 1.040816326530612290e+00
1.800000000000000000e+01 7.346938775510204744e-02 1.049189808854727346e+00 1.102040816326530726e+00
1.900000000000000000e+01 7.755102040816327924e-02 1.110906856374191731e+00 1.163265306122449161e+00
2.000000000000000000e+01 8.163265306122449716e-02 1.172623903893659003e+00 1.224489795918367374e+00
2.100000000000000000e+01 8.571428571428571508e-02 1.234340951413124277e+00 1.285714285714285587e+00
2.200000000000000000e+01 8.979591836734694688e-02 1.296057998932589994e+00 1.346938775510204023e+00
2.300000000000000000e+01 9.387755102040817867e-02 1.357775046452056378e+00 1.408163265306122680e+00
2.400000000000000000e+01 9.795918367346939659e-02 1.419492093971522317e+00 1.469387755102040893e+00
2.500000000000000000e+01 1.020408163265306145e-01 1.481209141490989589e+00 1.530612244897959329e+00
2.600000000000000000e+01 1.061224489795918463e-01 1.542926189010454641e+00 1.591836734693877764e+00
2.700000000000000000e+01 1.102040816326530781e-01 1.604643236529921912e+00 1.653061224489796421e+00
2.800000000000000000e+01 1.142857142857142960e-01 1.666360284049385632e+00 1.714285714285714191e+00
2.900000000000000000e+01 1.183673469387755139e-01 1.728077331568853348e+00 1.775510204081632848e+00
3.000000000000000000e+01 1.224489795918367457e-01 1.789794379088316623e+00 1.836734693877551061e+00
3.100000000000000000e+01 1.265306122448979775e-01 1.851511426607787669e+00 1.897959183673469719e+00
3.200000000000000000e+01 1.306122448979591955e-01 1.913228474127250500e+00 1.959183673469387932e+00
3.300000000000000000e+01 1.346938775510204134e-01 1.974945521646712665e+00 2.020408163265306367e+00
3.400000000000000000e+01 1.387755102040816313e-01 2.036662569166182379e+00 2.081632653061224580e+00
3.500000000000000000e+01 1.428571428571428770e-01 2.098379616685649651e+00 2.142857142857143238e+00
3.600000000000000000e+01 1.469387755102040949e-01 2.160096664205115147e+00 2.204081632653061451e+00
3.700000000000000000e+01 1.510204081632653128e-01 2.221813711724577978e+00 2.265306122448979664e+00
3.800000000000000000e+01 1.551020408163265585e-01 2.283530759244045250e+00 2.326530612244898322e+00
3.900000000000000000e+01 1.591836734693877764e-01 2.345247806763513854e+00 2.387755102040816979e+00
4.000000000000000000e+01 1.632653061224489943e-01 2.406964854282976685e+00 2.448979591836734748e+00
4.100000000000000000e+01 1.673469387755102122e-01 2.468681901802441736e+00 2.510204081632652962e+00
4.200000000000000000e+01 1.714285714285714302e-01 2.530398949321911672e+00 2.571428571428571175e+00
4.300000000000000000e+01 1.755102040816326758e-01 2.592115996841374059e+00 2.632653061224490276e+00
4.400000000000000000e+01 1.795918367346938938e-01 2.653833044360836002e+00 2.693877551020408045e+00
4.500000000000000000e+01 1.836734693877551117e-01 2.715550091880308159e+00 2.755102040816326703e+00
4.600000000000000000e+01 1.877551020408163573e-01 2.777267139399774099e+00 2.816326530612245360e+00
4.700000000000000000e+01 1.918367346938775753e-01 2.838984186919239150e+00 2.877551020408163573e+00
4.800000000000000000e+01 1.959183673469387932e-01 2.900701234438703757e+00 2.938775510204081787e+00
4.900000000000000000e+01 2.000000000000000111e-01 2.962418281958172361e+00 3.000000000000000444e+00
