0.000000000000000000e+00 0.000000000000000000e+00 2.493898197527554039e+00
1.600000000000000266e-05 1.000000000000000000e+00 2.493898197315376208e+00
3.200000000000000533e-05 2.000000000000000000e+00 2.495743838239107948e+00
5.760000000000001095e-05 3.000000000000000000e+00 2.497656058984498717e+00
9.856000000000003213e-05 4.000000000000000000e+00 2.499638190351365807e+00
1.640960000000000769e-04 5.000000000000000000e+00 2.499638287551118054e+00
2.689536000000001485e-04 6.000000000000000000e+00 2.499638443061339643e+00
4.367257600000002196e-04 7.000000000000000000e+00 2.499638691855527561e+00
7.051612160000003768e-04 8.000000000000000000e+00 2.499639089869453379e+00
1.134657945600000715e-03 9.000000000000000000e+00 2.499639726544485185e+00
1.821852712960001256e-03 1.000000000000000000e+01 2.499640744852060337e+00
2.921364340736001992e-03 1.100000000000000000e+01 2.499642373191166556e+00
4.680582945177603690e-03 1.200000000000000000e+01 2.499644976101270899e+00
7.495332712284166060e-03 1.300000000000000000e+01 2.499649134559839503e+00
1.199893233965466585e-02 1.400000000000000000e+01 2.499655772347124660e+00
1.920469174344746621e-02 1.500000000000000000e+01 2.499666352975642880e+00
3.073390678951595095e-02 1.600000000000000000e+01 2.499683181919475139e+00
4.918065086322552515e-02 1.700000000000000000e+01 2.499709859514476218e+00
7.869544138116084386e-02 1.800000000000000000e+01 2.499751935276107950e+00
1.259191062098573566e-01 1.900000000000000000e+01 2.499817802733785399e+00
2.014769699357717991e-01 2.000000000000000000e+01 2.499919828933761412e+00
3.223695518972348739e-01 2.100000000000000000e+01 2.500075626396898620e+00
5.157976830355758269e-01 2.200000000000000000e+01 2.500309267549985837e+00
8.252826928569213516e-01 2.300000000000000000e+01 2.500652155760641371e+00
1.320458708571074169e+00 2.400000000000000000e+01 2.501143293296617998e+00
2.112740333713718943e+00 2.500000000000000000e+01 2.501829263027357975e+00
3.380390933941950671e+00 2.600000000000000000e+01 2.502765863117944356e+00
5.408631894307120547e+00 2.700000000000000000e+01 2.504023823770122892e+00
8.653817430891393769e+00 2.800000000000000000e+01 2.505696686082610647e+00
1.384611428942623057e+01 2.900000000000000000e+01 2.507904648946159387e+00
2.215378926308196839e+01 3.000000000000000000e+01 2.510791318974888497e+00
3.544606922093115031e+01 3.100000000000000000e+01 2.514512331301706816e+00
5.671371715348984566e+01 3.200000000000000000e+01 2.519214656098199612e+00
9.074195384558376531e+01 3.300000000000000000e+01 2.525007104092938715e+00
1.451871325529340311e+02 3.400000000000000000e+01 2.531900155453360668e+00
2.322994184846944563e+02 3.500000000000000000e+01 2.539669056965572658e+00
3.716790759755111822e+02 3.600000000000000000e+01 2.547666999427661949e+00
5.946865279608178980e+02 3.700000000000000000e+01 2.554814215534131794e+00
9.514984511373086207e+02 3.800000000000000000e+01 2.560042085308151805e+00
1.522397528219693868e+03 3.900000000000000000e+01 2.562990177300999317e+00
2.435836051551510536e+03 4.000000000000000000e+01 2.564202341008424035e+00
3.897337688882416842e+03 4.100000000000000000e+01 2.564549060538533709e+00
6.235740308611866567e+03 4.200000000000000000e+01 2.564615638458100477e+00
9.977184500178987946e+03 4.300000000000000000e+01 2.564624010285736055e+00
1.596349520668638070e+04 4.400000000000000000e+01 2.564624688301918365e+00
2.554159233709820910e+04 4.500000000000000000e+01 2.564624723286267116e+00
4.086654774575713964e+04 4.600000000000000000e+01 2.564624724428290925e+00
6.538647639961141977e+04 4.700000000000000000e+01 2.564624724451769033e+00
1.046183622457782767e+05 4.800000000000000000e+01 2.564624724452077231e+00
1.673893795996452682e+05 4.900000000000000000e+01 2.564624724452076343e+00
2.678230073658324545e+05 5.000000000000000000e+01 2.564624724452076343e+00
4.285168117917319760e+05 5.100000000000000000e+01 2.564624724452076343e+00
6.856268988731711870e+05 5.200000000000000000e+01 2.564624724452076343e+00
1.097003038203473901e+06 5.300000000000000000e+01 2.564624724452076343e+00
1.755204861131958431e+06 5.400000000000000000e+01 2.564624724452076343e+00
2.808327777817533817e+06 5.500000000000000000e+01 2.564624724452076343e+00
4.493324444514454342e+06 5.600000000000000000e+01 2.564624724452076343e+00
7.189319111229527742e+06 5.700000000000000000e+01 2.564624724452076343e+00
1.150291057797364518e+07 5.800000000000000000e+01 2.564624724452076343e+00
1.840465692476423457e+07 5.900000000000000000e+01 2.564624724452076343e+00
2.944745107962917536e+07 6.000000000000000000e+01 2.564624724452077231e+00
4.711592172741308808e+07 6.100000000000000000e+01 2.564624724452077231e+00
7.538547476386734843e+07 6.200000000000000000e+01 2.564624724452077231e+00
1.206167596221941710e+08 6.300000000000000000e+01 2.564624724452077231e+00
1.929868153955170810e+08 6.400000000000000000e+01 2.564624724452077231e+00
3.087789046328337193e+08 6.500000000000000000e+01 2.564624724452077231e+00
4.940462474125404358e+08 6.600000000000000000e+01 2.564624724452077231e+00
7.904739958600711823e+08 6.700000000000000000e+01 2.564624724452077231e+00
1.264758393376120329e+09 6.800000000000000000e+01 2.564624724452077231e+00
2.023613429401798964e+09 6.900000000000000000e+01 2.564624724452077231e+00
3.237781487042884827e+09 7.000000000000000000e+01 2.564624724452077231e+00
5.180450379268622398e+09 7.100000000000000000e+01 2.564624724452077231e+00
8.288720606829802513e+09 7.200000000000000000e+01 2.564624724452077231e+00
1.326195297092769051e+10 7.300000000000000000e+01 2.564624724452074567e+00
2.121912475348431396e+10 7.400000000000000000e+01 2.564624724452074567e+00
3.395059960557490921e+10 7.500000000000000000e+01 2.564624724452074567e+00
5.432095936891986084e+10 7.600000000000000000e+01 2.564624724452074567e+00
8.691353499027178955e+10 7.700000000000000000e+01 2.564624724452074567e+00
1.390616559844348755e+11 7.800000000000000000e+01 2.564624724452074567e+00
2.224986495750958252e+11 7.900000000000000000e+01 2.564624724452074567e+00
3.559978393201533203e+11 8.000000000000000000e+01 2.564624724452074567e+00
5.695965429122453613e+11 8.100000000000000000e+01 2.564624724452074567e+00
9.113544686595926514e+11 8.200000000000000000e+01 2.564624724452074567e+00
