0.000000000000000000e+00 0.000000000000000000e+00 1.984485636816574416e+00
1.600000000000000266e-05 1.000000000000000000e+00 1.984485499320943092e+00
3.200000000000000533e-05 2.000000000000000000e+00 1.990889063737056652e+00
5.760000000000001095e-05 3.000000000000000000e+00 1.998756665661205911e+00
9.856000000000003213e-05 4.000000000000000000e+00 2.008637339324108595e+00
1.640960000000000769e-04 5.000000000000000000e+00 2.008637920034727298e+00
2.689536000000001485e-04 6.000000000000000000e+00 2.008638849032346574e+00
4.367257600000002196e-04 7.000000000000000000e+00 2.008640335072100935e+00
7.051612160000003768e-04 8.000000000000000000e+00 2.008642711824407012e+00
1.134657945600000715e-03 9.000000000000000000e+00 2.008646512300101605e+00
1.821852712960001256e-03 1.000000000000000000e+01 2.008652587121637634e+00
2.921364340736001992e-03 1.100000000000000000e+01 2.008662291712273174e+00
4.680582945177603690e-03 1.200000000000000000e+01 2.008677780668823409e+00
7.495332712284166060e-03 1.300000000000000000e+01 2.008702466037652012e+00
1.199893233965466585e-02 1.400000000000000000e+01 2.008741719578578611e+00
1.920469174344746621e-02 1.500000000000000000e+01 2.008803922989308877e+00
3.073390678951595095e-02 1.600000000000000000e+01 2.008901981249177737e+00
4.918065086322552515e-02 1.700000000000000000e+01 2.009055385158394103e+00
7.869544138116084386e-02 1.800000000000000000e+01 2.009292798755319076e+00
1.259191062098573566e-01 1.900000000000000000e+01 2.009654924381333529e+00
2.014769699357717991e-01 2.000000000000000000e+01 2.010197100306172935e+00
3.223695518972348739e-01 2.100000000000000000e+01 2.010990860110552170e+00
5.157976830355758269e-01 2.200000000000000000e+01 2.012123802502496339e+00
8.252826928569213516e-01 2.300000000000000000e+01 2.013698570717832759e+00
1.320458708571074169e+00 2.400000000000000000e+01 2.015835472368345371e+00
2.112740333713718943e+00 2.500000000000000000e+01 2.018684115781597121e+00
3.380390933941950671e+00 2.600000000000000000e+01 2.022440359584631864e+00
5.408631894307120547e+00 2.700000000000000000e+01 2.027357198980916486e+00
8.653817430891393769e+00 2.800000000000000000e+01 2.033743080226312117e+00
1.384611428942623057e+01 2.900000000000000000e+01 2.041941467517516706e+00
2.215378926308196839e+01 3.000000000000000000e+01 2.052289022393991136e+00
3.544606922093115031e+01 3.100000000000000000e+01 2.065058454861536941e+00
5.671371715348984566e+01 3.200000000000000000e+01 2.080348547418840788e+00
9.074195384558376531e+01 3.300000000000000000e+01 2.097845819459025485e+00
1.451871325529340311e+02 3.400000000000000000e+01 2.116494916236081103e+00
2.322994184846944563e+02 3.500000000000000000e+01 2.134365678399352095e+00
3.716790759755111822e+02 3.600000000000000000e+01 2.149119039668508258e+00
5.946865279608178980e+02 3.700000000000000000e+01 2.159099985388285070e+00
9.514984511373086207e+02 3.800000000000000000e+01 2.164327495617485830e+00
1.522397528219693868e+03 3.900000000000000000e+01 2.166327615609266566e+00
2.435836051551510536e+03 4.000000000000000000e+01 2.166859241337780517e+00
3.897337688882416842e+03 4.100000000000000000e+01 2.166953819227346756e+00
6.235740308611866567e+03 4.200000000000000000e+01 2.166964805399396177e+00
9.977184500178987946e+03 4.300000000000000000e+01 2.166965625523129102e+00
1.596349520668638070e+04 4.400000000000000000e+01 2.166965664470584141e+00
2.554159233709820910e+04 4.500000000000000000e+01 2.166965665639611238e+00
4.086654774575713964e+04 4.600000000000000000e+01 2.166965665661694906e+00
6.538647639961141977e+04 4.700000000000000000e+01 2.166965665661963136e+00
1.046183622457782767e+05 4.800000000000000000e+01 2.166965665661963136e+00
1.673893795996452682e+05 4.900000000000000000e+01 2.166965665661966689e+00
2.678230073658324545e+05 5.000000000000000000e+01 2.166965665661966689e+00
4.285168117917319760e+05 5.100000000000000000e+01 2.166965665661966689e+00
6.856268988731711870e+05 5.200000000000000000e+01 2.166965665661966689e+00
1.097003038203473901e+06 5.300000000000000000e+01 2.166965665661966689e+00
1.755204861131958431e+06 5.400000000000000000e+01 2.166965665661966689e+00
2.808327777817533817e+06 5.500000000000000000e+01 2.166965665661966689e+00
4.493324444514454342e+06 5.600000000000000000e+01 2.166965665661966689e+00
7.189319111229527742e+06 5.700000000000000000e+01 2.166965665661966689e+00
1.150291057797364518e+07 5.800000000000000000e+01 2.166965665661966689e+00
1.840465692476423457e+07 5.900000000000000000e+01 2.166965665661966689e+00
2.944745107962917536e+07 6.000000000000000000e+01 2.166965665661966689e+00
4.711592172741308808e+07 6.100000000000000000e+01 2.166965665661962248e+00
7.538547476386734843e+07 6.200000000000000000e+01 2.166965665661962248e+00
1.206167596221941710e+08 6.300000000000000000e+01 2.166965665661962248e+00
1.929868153955170810e+08 6.400000000000000000e+01 2.166965665661962248e+00
3.087789046328337193e+08 6.500000000000000000e+01 2.166965665661962248e+00
4.940462474125404358e+08 6.600000000000000000e+01 2.166965665661962248e+00
7.904739958600711823e+08 6.700000000000000000e+01 2.166965665661962248e+00
1.264758393376120329e+09 6.800000000000000000e+01 2.166965665661962248e+00
2.023613429401798964e+09 6.900000000000000000e+01 2.166965665661962248e+00
3.237781487042884827e+09 7.000000000000000000e+01 2.166965665661962248e+00
5.180450379268622398e+09 7.100000000000000000e+01 2.166965665661962248e+00
8.288720606829802513e+09 7.200000000000000000e+01 2.166965665661962248e+00
